[INFO] Scanning for projects...
[INFO] 
[INFO] ------------< StormBreakers:PS5-Projet3-1920-StormBreakers >------------
[INFO] Building PS5-Projet3-1920-StormBreakers 0.1-SNAPSHOT
[INFO] --------------------------------[ jar ]---------------------------------
[INFO] 
[INFO] --- exec-maven-plugin:1.6.0:java (run) @ PS5-Projet3-1920-StormBreakers ---
83990310
10 8703 8406 7293 8736 7346 4219 6858 5969 9304 8022 
9 375 6160 9935 2736 5232 4013 3880 1134 2318 
12 6198 2941 7711 5721 9925 2761 5927 2491 2610 2019 4292 5460 
17 5860 8962 7911 7108 9644 4985 813 5438 1607 1366 7803 937 5758 4803 4186 3346 3069 
17 9888 6961 610 4984 8376 8786 7172 9164 2952 4171 4006 971 9184 2786 3749 2225 8942 
23 519 24 4788 9406 2714 874 6413 3583 6026 380 6579 8510 8126 3065 322 2590 3642 1694 4861 6521 7641 8054 5672 
18 6663 1833 3008 2641 7451 6741 9744 5291 7278 9516 7726 5411 9029 1140 811 2544 9472 4841 
11 1135 7388 3670 8365 9088 4670 6275 3971 5937 7789 6870 
17 7913 4007 8951 2377 7805 4209 9378 7094 1163 1405 9500 4108 2985 762 3690 9117 8874 
24 7957 1815 7140 3990 6410 5303 225 9858 2867 5878 7755 7645 3052 2263 5331 4797 8626 4463 5395 5436 5390 3313 2658 1254 
11 3444 2020 3647 8201 4304 5775 9048 4506 8120 8301 8377 
10 3654 9946 5468 2202 9051 7268 5342 2312 2322 5173 
11 2061 7877 554 3333 8020 7768 9634 1529 5261 5081 9359 
26 4855 6115 741 5971 5387 2006 3865 4207 3119 5366 2790 1348 9724 7865 2945 9780 8738 1068 2124 4298 6193 8943 4779 4951 6458 7700 
19 8758 846 4318 1631 3839 5632 9881 9934 8749 6308 1262 3006 2891 9426 4061 6979 3719 2597 3569 
8 273 9216 4644 5951 6333 1946 7743 7773 
22 7040 5341 8271 8557 8848 8832 3795 3114 9171 9846 3624 5305 1042 6174 2895 564 8762 8858 2940 9938 4042 6111 
20 6916 1664 8675 1883 1024 442 596 8445 2675 6932 1871 5117 748 2387 6049 2879 5737 8106 1805 5841 
6 55 5245 6547 2660 7049 6828 
21 1776 1194 6749 5503 617 4605 9424 7592 5188 618 5475 2389 287 8315 6383 4466 746 8082 1001 5501 9476 
24 5086 961 268 8783 3148 5654 9559 6220 6969 2406 1947 4685 3772 5262 473 3813 2555 5546 3179 4519 3787 5294 3110 7058 
23 541 5902 7186 6735 7086 2036 2937 9889 2753 6297 6821 6970 663 9967 3590 5755 4401 6876 845 3679 1139 7441 4393 
7 4637 7468 2460 7869 6973 9700 4241 
22 5885 7318 3005 2899 206 4720 6173 4497 4113 7949 2504 537 6117 4849 4816 931 7523 6941 329 6507 2659 4891 
12 9679 9523 3168 3651 2106 513 9926 7567 507 2320 6190 7813 
23 7929 8728 3410 3294 6884 6669 8991 1647 6705 1324 1109 1716 8928 624 6530 8045 9578 9217 1490 1961 590 5629 2163 
23 3855 1528 6361 6502 9864 4958 6359 5684 8688 9043 7978 2239 681 237 5788 9339 3140 3529 2656 2286 7783 9677 6524 
14 3578 7817 275 9778 1337 731 8812 7518 307 1847 4490 8847 5543 1173 
13 9449 9751 5701 4046 6641 7394 7100 6560 5223 8685 5269 3111 7173 
21 3371 6656 8302 1421 164 942 6422 5803 2948 6683 9534 8821 2155 7225 4444 2877 669 5449 9990 8921 6390 
18 117 489 6780 190 1874 6839 5582 2978 5747 3639 2475 7756 5544 9129 8726 7527 4592 2029 
15 4618 1005 6767 3257 1697 4830 595 8018 9438 7866 9722 5309 7646 2102 9360 
13 372 5649 691 9370 1470 1411 1789 4431 5252 9960 5714 5370 2252 
11 4307 297 1724 7612 8209 8967 8090 2329 3043 3969 2628 
15 7401 8342 3276 1013 4170 502 7662 147 30 1810 9983 8693 1727 9170 8727 
25 6695 9283 9581 7064 1372 2436 7927 7870 2635 8155 4371 7604 1896 7474 8904 153 4970 6790 605 9036 755 371 2172 3289 1510 
24 2869 9411 1227 6135 2426 9890 313 3098 9133 1930 1199 5911 3982 2097 3089 1520 7481 6700 8888 5455 9918 144 9326 8012 
19 4150 7799 3249 739 6558 2335 4717 5292 8432 4336 1385 269 6136 2103 662 9831 4047 3618 1403 
11 920 6649 3697 8024 8449 5006 47 8071 7146 142 452 
13 1978 6912 2052 9103 3613 2582 5974 3814 4563 8260 5230 3386 1212 
19 4894 1735 2828 7398 9503 5756 8191 8263 2907 7262 4407 634 9907 4294 2145 1576 5848 1300 1293 
14 9550 2653 4965 1264 3077 4460 5921 5898 7519 6717 2819 1418 2813 4296 
12 222 6321 6532 4961 7845 8619 9608 9589 8690 616 1150 1958 
8 4058 7716 1742 6448 8313 3665 1439 1374 
11 9675 8520 2424 5491 245 2718 791 7228 4446 6060 5575 
19 9799 8204 8290 8835 1201 7232 5422 5409 7940 9880 9510 5195 5203 3206 7079 6035 7002 343 1558 
12 583 4586 1838 3608 6802 2493 3153 4422 7055 9309 8948 1562 
23 8840 5227 4885 2523 6718 8419 9064 2368 6746 2513 3925 3256 9233 3659 9535 2853 6872 7395 5659 4904 9281 939 757 
16 4143 585 1332 817 2784 200 9633 3453 2661 2640 7103 4832 527 2204 1011 9723 
14 4346 1269 661 7574 3058 354 4089 6056 4701 7007 9456 7590 3467 1284 
21 2316 3281 6913 3024 5748 856 9923 4696 7569 5317 8476 6847 4889 1807 8733 9417 650 3762 7985 1559 5586 
21 2559 3025 8698 3245 2143 6804 9286 4973 1239 8780 8007 5730 1901 7377 3725 1241 4375 5688 690 7601 390 
24 7952 19 7287 699 3067 6951 9705 1491 1245 6407 4045 2972 5380 613 3296 8208 9622 4189 4731 4522 298 4145 1929 9931 
18 1888 9626 4536 1773 9412 9869 8791 6222 7305 5804 8549 9621 101 3886 1683 8278 7252 1653 
11 1040 7849 6745 252 1008 9826 3824 4350 7460 2117 6693 
16 7119 7114 3951 9595 4848 511 6182 7856 7066 7366 6591 9383 7772 3286 1038 3035 
21 734 658 7553 457 2409 9033 9948 2966 2601 1756 9943 441 4827 6109 652 1158 7202 7968 1701 6342 4795 
9 4214 7810 7948 9210 8808 5253 9796 8850 7111 
7 3149 3239 7227 8251 722 3617 1425 
20 157 61 5343 9052 9011 6563 6078 3099 2766 776 3130 1611 1730 1927 9953 8891 4451 9635 6191 8700 
16 5598 1879 8425 6493 7846 4833 6879 3844 1616 3048 9203 7606 1570 1573 6453 5953 
18 3988 6694 789 3073 4029 1349 643 2023 9300 736 6486 4345 291 389 9369 778 6613 4243 
16 7862 5628 5847 9038 8601 8359 344 6549 2002 2746 2604 4149 1865 3514 2169 2321 
20 4842 9207 4066 6150 6475 4652 6274 9031 4456 3536 3331 8844 520 5643 9857 8837 8183 2679 1841 3755 
16 3103 8578 1096 9671 9774 4739 4831 110 3941 5750 8861 9123 3093 2410 4103 9329 
17 3457 6418 8458 8462 3411 9735 7134 8987 5486 7962 5840 6992 7963 3260 3571 1652 4622 
20 622 8932 6849 1251 1904 7438 4356 4249 561 4512 4762 3059 2932 4609 9145 8923 8008 1261 9573 5939 
8 5406 2418 9873 3106 7183 3335 5265 8217 
23 3693 9402 5517 212 7579 7019 2045 711 7516 9155 7326 7505 4452 4176 1829 8964 810 469 9499 9241 818 6288 7986 
23 445 6843 5727 3579 2791 3779 9557 378 9381 9074 4667 6622 6149 3000 5509 1380 7343 8168 86 3535 20 8556 8222 
15 2986 2313 3236 8459 608 4225 830 5656 9763 6108 2598 6635 5471 2208 3987 
7 29 2327 8711 2645 5072 905 6143 
22 3471 9733 2233 3758 248 69 9018 7901 3062 8798 2479 9541 3628 8241 5078 848 2902 6958 3543 8163 5697 1410 
17 8179 2324 7889 1734 4836 4664 9054 6678 1316 9173 6892 9759 1074 749 9915 626 170 
21 3555 2008 6529 3596 6877 9078 9702 7785 64 6659 3210 7298 4621 6637 5319 4707 1144 2259 8641 8147 8543 
7 1866 8227 296 3652 1456 2049 2868 
19 580 9046 627 8978 95 6903 5135 4119 6386 1012 8650 8197 9518 4192 7390 5296 6 4124 3275 
11 6456 5881 3708 8304 1836 5194 9115 9999 9146 2983 2862 
10 7640 3321 2889 7324 3957 4220 5046 8870 8069 8925 
20 2576 6607 6199 1635 2455 9549 4450 7900 6619 4092 2524 2158 6852 3056 7611 7436 1055 3097 7223 7509 
23 2912 5161 1407 864 4154 4613 2059 3770 969 1166 4893 5172 3141 4710 855 8522 33 7938 4785 6434 5857 4955 1185 
15 1353 8184 8296 4722 1592 1217 9162 220 2001 2503 1935 6676 8517 8131 1574 
16 6228 5027 9166 3575 9996 2198 9353 1365 4798 9822 5163 8741 5444 8424 8210 1948 
11 4495 6662 3196 6786 7000 5627 5453 8652 1067 5376 3737 
14 5424 957 8029 7347 7734 6225 7736 7170 8849 6246 3559 3562 9536 7566 
10 5304 9187 7198 4255 3566 6251 1376 6016 9430 8152 
23 7141 8587 5358 6239 135 6710 2077 9202 7777 4944 6120 6728 9269 3545 4513 6918 7625 8924 5407 6112 994 3021 913 
14 3564 219 8965 1266 6734 3374 1765 630 2353 436 7568 4281 4662 3712 
17 6952 2774 9347 7677 41 8521 9512 2613 7988 4343 918 9682 787 5707 3633 2814 6127 
16 3030 9820 8262 315 3991 2235 4297 2751 5607 6611 51 7039 8282 82 4716 1086 
13 5716 3667 1438 7129 4935 6012 4403 8968 7742 5458 8941 5108 2816 
22 3743 4873 9463 4661 9144 6454 9341 8101 377 2694 2062 7273 8889 6227 8497 2637 3995 8581 2227 9673 6479 2764 
14 3692 5218 2536 5744 368 6249 4254 1571 2435 1419 9971 455 710 8226 
13 6039 2633 7999 213 941 4738 1107 5834 1952 7165 6364 3408 4432 
23 6424 1605 902 3821 3605 5662 1331 9101 4498 4472 399 4290 5763 3412 393 4275 900 8607 7289 8898 8171 8957 12 
9 8559 8509 3358 3890 4697 2677 3402 5244 2427 
14 8102 1406 5856 7406 409 7444 4110 8066 9861 9196 4049 9829 2508 5726 
9 7229 2297 2444 5184 2311 335 7105 3803 9520 
22 5381 3049 3826 9974 6053 7236 9743 8298 8984 4800 8099 4264 8881 4222 3517 7038 7776 4129 3637 2880 2618 2627 
21 4882 2944 5285 956 5620 6356 7682 514 7903 4014 8590 964 8039 5530 1936 7705 2914 5977 295 3204 5555 
21 4687 4583 9920 3632 330 7916 1475 4767 5314 3101 4097 8286 2232 7514 1483 8056 5846 8735 8327 8718 5973 
13 4829 6134 5992 7461 2012 340 8678 3703 8385 7537 5547 557 6721 
15 113 1637 7180 5487 7779 173 2003 6936 2096 3520 3522 8123 4725 8154 9766 
15 8395 9291 6485 1860 9401 8902 9795 9949 6582 8551 6226 5741 8394 8818 8994 
17 1794 4208 7117 128 8915 3502 6346 6197 8540 5810 5696 1434 7919 289 4976 7410 2376 
21 6724 7188 7156 8586 5369 1233 7380 7425 7924 1819 276 1094 1151 7670 1360 8267 4269 8488 1642 4120 4023 
15 9670 5948 7319 8410 6076 8610 412 2851 1894 642 8934 5077 7235 6063 5398 
21 8420 7709 5858 4910 3188 3375 7092 5241 6476 2156 6883 1307 1371 8776 5355 3272 2193 8265 1082 8535 7168 
7 9901 7687 7575 7658 6097 3978 2448 
19 6044 1323 9191 493 6340 9617 3227 3673 8918 4669 9355 8076 5339 4548 5814 8380 6664 8490 4600 
9 9121 3217 1103 5037 648 8089 5760 2964 4538 
20 9020 8213 9649 7585 7557 6538 5724 3261 5064 5278 2595 3330 1329 7895 7300 8341 1327 2203 6467 4185 
8 2176 6934 7484 488 7391 3347 6221 7133 
12 1993 7864 4511 211 3230 4896 1120 9461 3218 5631 7795 5931 
20 2278 3655 8713 6208 4366 3373 7564 3845 6375 9163 1786 7656 3956 7242 1334 2671 7219 6559 1646 2617 
15 1563 7207 342 5042 7507 8822 6736 6254 5144 5515 4610 4242 8374 8480 2697 
20 9979 6794 2293 720 8747 4862 6082 4775 2796 3356 77 5506 4755 3243 834 4728 2138 805 4268 5286 
8 6633 7993 8699 7355 943 8178 2276 4747 
21 2507 2166 6164 4299 4137 9262 7778 3308 6625 260 3873 250 632 827 3911 246 9771 6118 5865 9770 3120 
19 4098 3311 3368 4666 2696 6062 7361 1924 5470 8010 1485 1049 7526 6183 1669 8332 6271 2848 7017 
22 2429 4877 4437 2422 3510 5602 1106 7636 6716 4884 6378 4620 5675 973 2553 4142 2725 822 18 4987 6494 8669 
21 4056 6654 3170 5295 2181 3721 8970 7145 2938 5092 1342 4360 6691 9973 8515 60 1452 5058 8770 8331 3456 
19 9698 696 4959 3160 6192 565 3398 1553 8244 8289 3968 1298 3209 7181 4510 4741 8594 465 7996 
19 6965 2538 6756 6420 6703 348 2797 4773 9994 2129 7328 2030 6531 6417 1617 3327 9215 6241 7036 
19 6269 5213 2512 3396 57 6825 7301 6416 5523 6366 887 4715 2183 7835 4791 7722 8519 5063 2820 
16 5222 109 8021 8328 7255 3220 161 2866 882 7664 6614 7751 8980 3586 5606 2750 
20 2531 7435 6123 9246 3989 199 6615 751 5169 3271 5786 5512 9488 7970 324 5242 7184 3853 8337 247 
13 1228 1530 9636 4396 1474 9809 3895 8150 4368 7720 9161 3889 5578 
14 8564 1803 4921 8911 8745 7551 4389 6395 9713 1219 7834 7758 9172 5414 
11 6900 1384 3384 5540 7668 9044 9058 9451 3994 6185 797 
12 8086 4414 4233 8382 3585 483 7494 9263 7613 7899 2818 8057 
14 6139 6329 1651 5562 6581 9957 4946 571 9692 9596 6151 5790 7404 4077 
17 477 9985 4245 9710 1182 1004 2082 112 4878 155 63 9041 9057 602 8404 1705 7307 
22 8787 1113 1625 5120 3565 2997 1250 5550 1428 5243 7099 359 9839 6586 1795 9703 8580 4909 325 6748 6997 6768 
10 1447 2942 9851 8784 6392 6048 7816 350 2990 2430 
10 8630 4781 2838 8892 2518 3325 8303 6650 3528 1658 
14 2589 5698 8198 3816 9464 8973 7629 9328 235 9955 7708 5979 5944 4846 
19 5402 7329 5089 1010 2305 1430 178 8028 304 2768 1610 2369 6449 6007 401 70 3064 976 3931 
7 2296 3640 3202 7311 1318 8710 3985 
18 4475 9452 5425 9804 1352 40 365 7065 9470 4289 6791 5826 4956 8790 1093 9834 2664 3698 
22 7088 4537 1588 9104 1797 9127 1583 516 1981 8764 5981 600 9367 9413 9525 7539 197 901 5047 6819 4374 3427 
18 8189 6924 2957 435 146 2817 8809 5040 1416 5882 9522 7623 5337 204 3180 898 4127 9380 
15 394 9090 1778 5872 1827 1816 1156 8092 9676 4729 56 5855 6750 7825 6964 
21 3527 6457 3459 2642 4404 9037 8094 425 76 6888 366 3212 4626 4501 9236 7989 5435 2683 8430 181 383 
21 8149 4546 8629 6206 5955 2060 8695 9027 4638 2359 6561 7550 5200 9551 3350 705 1234 8482 4133 6260 1437 
21 3918 4693 9306 9316 7249 9680 3542 8529 1081 5967 7793 2438 3902 3399 6543 4015 9942 4390 3589 2897 3380 
21 1492 8774 3490 8766 2999 4021 990 6106 3992 2861 9704 1618 3198 7596 1172 5162 341 1522 5682 9916 1540 
19 6189 5818 2520 9627 4875 8772 986 91 454 8383 2947 760 4148 5467 9154 9646 3838 6152 4095 
12 666 2612 2935 4950 6555 5671 9007 176 316 796 7182 1552 
15 3546 8158 8073 4703 6842 9681 3729 87 2188 2798 9585 7496 6603 5571 2625 
13 2603 1609 6747 8426 3830 3906 8854 4070 6792 5399 2593 7375 1923 
21 3540 9274 3068 7193 9068 7576 9911 4167 3404 6522 8729 9605 3344 2800 4627 8269 1849 7073 2698 1722 6302 
5 1414 9128 7314 1963 2591 
21 567 9473 271 8040 9524 3194 8860 3905 4248 9085 2231 7418 1373 3587 3996 3348 6065 5404 7335 1547 1569 
19 7455 7891 6922 8059 1369 8667 6699 9136 1604 7721 7030 9662 5560 8468 7702 1677 2770 5723 224 
20 3409 1852 6307 6265 5012 2781 921 2108 7830 4718 6774 3756 339 5772 1091 3189 2865 4649 5666 8618 
10 1170 4428 4184 5699 3936 1021 2287 2773 3631 3711 
7 1512 6377 548 7158 6914 2691 3063 
17 8484 8055 4624 2338 5584 9742 1259 3231 3847 278 7914 2274 3081 5781 7437 5362 437 
8 9405 7325 1698 5159 1230 3724 1378 2273 
20 2738 7210 277 4482 7246 2732 369 5062 5715 3832 8060 9039 2111 6354 7850 3627 8838 4160 5020 8684 
18 6404 8104 1267 6985 1263 7187 3425 8807 2535 7454 2336 4341 6050 1542 9467 1579 6439 3730 
12 8489 7116 873 9709 5950 981 6343 6250 7409 5293 5665 9794 
22 5615 4706 842 5060 4635 9944 2856 2041 5069 4639 106 2893 8833 6565 2873 3144 6144 5842 3310 9993 1003 7688 
11 3147 4353 890 3221 9224 2358 7753 3171 2638 5281 7472 
18 1784 6658 5112 1489 5920 1686 1160 1532 6769 5102 8297 1157 6889 5563 7824 1887 8582 336 
13 4260 7357 7648 4048 1286 4650 8474 6040 4668 4808 729 1931 7093 
7 7471 6068 1054 8088 3688 4750 6355 
17 5875 2147 8219 2754 1168 7794 7142 512 5639 7667 2472 9260 7950 3080 9878 8375 1009 
9 3197 2928 3462 5686 415 1476 6181 7046 3560 
21 7230 1869 4920 8146 1873 3112 5557 1461 6415 8166 214 2351 2918 3548 1739 9690 6177 3718 2449 6350 9599 
21 5572 1121 5829 9071 9134 3122 3909 1568 5073 9917 5956 2447 2303 8356 5787 131 7151 6242 231 3458 1858 
17 726 5890 498 895 6762 6161 6389 4582 4430 2215 3383 8472 2629 4354 8363 8862 8238 
17 5237 9806 2216 5678 2979 5564 2402 3027 5645 6668 725 3488 5811 7131 9860 8350 3237 
20 5808 1100 7248 208 8259 9156 7573 5134 2994 5271 5196 3794 3600 7959 6534 9507 6853 9937 9131 6840 
21 7704 328 9965 3739 1509 9075 9741 9368 8646 3447 9870 8427 743 6568 9995 8759 5198 7001 3892 3857 5412 
17 9852 6155 8803 7686 9158 353 4559 3139 1493 9312 3301 1285 3945 431 9545 3478 3836 
10 3138 8224 7884 2076 6344 4802 6583 7459 464 2038 
17 5743 4196 9815 6498 4024 2527 8644 7609 356 217 3897 5618 79 5044 8 962 3643 
18 2357 5500 8434 98 6446 1079 1745 9077 7712 4916 4212 2943 6054 2380 7450 8080 6795 1115 
21 2079 945 6004 839 2731 952 8801 8963 6982 6829 9929 1249 9365 522 7676 4570 4568 59 9517 3032 4683 
7 1630 2123 5983 1991 8722 7937 747 
20 5113 9087 4421 6474 1913 7941 7048 6306 4906 4902 7976 6299 2572 8235 5867 7618 7565 7714 3812 7731 
7 5991 1517 8454 58 7069 1020 1076 
4 2788 5049 4228 4887 
8 7512 5466 481 6984 8030 8694 8843 1339 
17 8323 5516 4493 9284 8017 2116 3016 3736 858 3131 7257 2823 7880 6080 321 5504 8611 
17 8792 9613 4326 979 9734 8705 1034 7032 9204 3096 4462 5283 314 1377 472 9906 7943 
15 1689 825 4629 7271 586 6146 914 6282 5053 3071 9922 8174 2492 2055 3125 
9 4387 1192 1445 1507 7083 8452 8606 6919 7524 
11 2026 5025 9485 5352 2355 8506 3225 9797 3611 4319 7467 
14 4648 9830 3966 4035 127 821 4895 9298 3186 8811 6318 4514 5573 8753 
17 7028 7104 4194 6255 9625 4017 6426 2125 4535 1533 4116 8706 6468 1728 5533 5174 5408 
20 9544 5189 6450 1977 5050 5994 9720 8186 1591 4259 7354 1856 4952 3464 5224 1084 8463 795 2530 7820 
17 8566 3017 1175 8785 458 8345 4251 9447 7675 6328 7332 6725 2277 5592 406 5415 836 
11 7020 3334 5054 2171 2561 1145 6129 721 6017 8295 5254 
12 6110 3572 7430 8989 8665 1785 1161 4633 2592 6405 3883 1288 
18 1984 6851 6200 3319 1487 3393 2958 8097 2159 8115 7160 2514 3733 4392 4172 8137 3279 7393 
17 400 9805 3105 417 3468 7445 1820 3007 5532 9021 9750 6627 5923 3480 1019 2755 7559 
13 1593 3430 2425 4657 9209 8719 5774 8899 9280 4918 1602 136 6761 
6 7320 2742 3108 3539 9970 1732 
14 4223 4084 665 4615 9561 8953 4654 4688 1450 8676 3519 2987 5075 218 
11 5359 2975 3050 3616 1381 8658 1398 3533 4479 3588 5825 
14 5332 4043 534 972 2267 829 7841 9777 6011 5251 5130 579 4799 4542 
16 8435 5377 2600 2741 5457 1429 1392 2844 2016 9699 5795 9491 4181 1454 8319 9484 
16 7082 9556 7196 9632 7872 2713 6047 5216 9863 6755 9618 8393 911 6365 3664 5010 
11 1090 4867 950 9761 546 6610 6311 1312 1758 2724 4308 
17 3849 8346 802 6316 2686 3435 1864 1368 1534 5561 9531 7607 2744 4691 5474 6170 8443 
15 9137 4352 4062 8760 1681 357 3438 6675 6972 7954 3950 1118 8001 1343 4726 
18 3329 9602 5554 7097 8523 3785 7931 4266 543 3487 104 9653 71 4416 2583 8308 9227 706 
11 9768 3910 6473 1634 7284 6553 3944 8999 770 737 6032 
12 499 9583 4144 226 5549 9840 5204 5874 9396 1210 9638 5596 
17 3208 9495 8637 3885 611 9678 5914 9554 9244 7960 2666 5493 2976 8487 685 8947 9097 
14 5990 2230 326 4782 2178 8245 6602 3076 3809 345 8046 4968 8433 107 
17 6752 7637 5712 4704 5679 3661 9250 8873 1707 5056 4676 2925 8724 3012 263 2586 998 
11 3773 4863 7253 1537 2121 2141 3672 6397 5611 3506 4793 
17 5510 2495 6503 2654 2415 4772 1136 9572 2484 8255 2743 480 8275 4723 8612 1304 3431 
16 5034 1177 6425 1863 2919 6013 8103 9221 1047 8121 6646 4757 2827 8391 3887 9765 
3 4455 933 7110 
8 6304 9487 3537 2288 8538 840 7766 3020 
17 2748 5954 4869 8530 3778 8956 9823 2670 4947 9708 6651 165 5489 5718 5057 4177 8908 
10 3104 6536 7492 2482 3205 6067 8063 4979 5520 5059 
19 166 2915 5541 9511 1693 1886 9070 509 6987 2021 5384 2712 6661 2481 9493 9024 1962 8740 9614 
7 8715 4980 1550 3116 6589 461 1855 
17 5746 2401 9289 6784 7873 8366 7701 4770 8495 5490 6370 9310 4447 5322 3229 3825 5311 
11 1973 9574 924 5350 3158 8769 1390 6955 2280 5225 8078 
16 9685 9813 6338 8653 7162 4433 3174 3630 309 3801 5197 2703 7057 1614 398 3337 
16 3891 2657 4733 6023 81 3799 7120 1736 6483 4932 9904 1808 9656 3591 3723 1479 
15 1674 5282 6739 6402 1453 3469 5527 8074 2936 7420 995 8717 4606 4865 8633 
10 8739 2690 290 9712 9570 843 9837 2621 1834 7206 
21 8274 2497 8796 1902 8595 7275 9157 6292 3893 9886 3214 1505 6230 7491 6933 1641 8959 1718 9334 5538 4239 
12 9691 2626 4349 6523 4607 1098 6677 174 2224 7424 7011 3259 
18 3176 8448 3047 8194 3669 4824 3115 5167 1945 3164 426 140 3415 5833 790 906 5125 9726 
14 7224 2440 2651 2857 6793 9213 1125 6376 496 9760 1899 4996 2032 3504 
14 2711 2539 4940 5853 4415 6596 1037 8751 3745 5065 3172 3858 8453 948 
17 2074 6729 646 3746 3228 7414 2063 1116 8567 798 9606 1303 2211 9311 675 1006 9277 
19 3029 6360 6141 7912 9731 3974 7680 8906 5568 3538 4945 8349 1793 7681 1812 6844 4445 4069 5859 
18 7428 150 7226 9527 7746 2260 3790 6775 6609 8107 1321 3716 2194 1231 4305 6644 1247 7053 
14 6168 3947 1206 8830 6540 2010 5110 5403 8333 5749 1581 6533 9176 1633 
16 8277 4507 8575 2119 4971 7381 3339 2837 8061 1717 1007 8714 5459 9714 5900 5828 
9 8979 965 7934 6639 7457 4301 8647 707 9601 
11 6740 3381 4152 9096 781 466 7836 9793 4 5720 9533 
14 2963 5771 2916 9981 6744 8907 2071 4474 7051 7719 4277 1207 8185 4005 
19 2511 8338 8133 7208 8273 4256 4397 7754 6038 1072 1824 334 4436 5822 5932 7476 4897 2134 5446 
17 5393 4112 6409 3789 6896 649 9639 8326 3856 738 8632 4928 5003 4339 9558 4929 4883 
7 7804 3192 9891 792 7748 5891 4399 
15 5710 8464 376 5374 3505 947 6863 5705 4680 7416 667 5361 6789 3850 7264 
19 8447 8254 7277 772 4270 8288 3757 3213 4429 8258 7400 3771 1928 4132 6096 5443 3134 6477 8196 
16 3424 1313 3740 9539 4105 1431 9292 4647 3336 1554 1070 2643 7413 4040 9827 4530 
17 892 9109 5642 7191 2648 2228 1308 2854 8387 8805 4926 526 2094 5599 9317 2441 2487 
5 9459 4197 8211 2130 6518 
15 8370 3544 5815 254 9474 1130 7582 4694 2832 4367 9746 6782 8939 8122 4766 
19 3601 2782 5511 8110 6719 6832 7407 3924 4978 7285 6072 5745 99 623 1148 8396 6931 8414 1801 
12 4200 7372 975 782 7464 9728 932 7412 188 3400 1088 4614 
11 1363 3614 7890 9695 6826 7540 2767 6569 5854 4338 148 
17 8574 8157 656 6601 39 536 6519 6830 3577 6303 764 2734 5499 5485 980 2840 3984 
16 7792 1908 1601 2831 6374 7691 3592 8177 5925 5463 2801 7544 2815 6294 8113 1446 
19 2118 1111 6537 5260 8444 8428 1513 6906 8181 903 4178 1708 4179 899 5368 2502 1823 3619 3780 
16 6455 5205 2031 671 6967 1415 3499 9192 3593 771 4876 7728 1400 6508 5673 1190 
17 3092 8868 9100 2394 3657 1979 4002 6436 1854 4505 3668 9125 4199 5521 5147 4158 4759 
14 3354 3554 8831 908 4121 9366 2254 7738 1243 3100 1129 6212 5819 6124 
16 9255 9947 6293 5298 8895 5364 184 3881 717 5641 9540 598 1488 327 4348 7059 
21 9282 1240 1684 6357 8737 244 4871 6345 1656 4009 8817 8314 6337 5648 3268 9013 9781 4927 758 7533 7157 
19 4164 9105 6438 1557 9537 7642 1779 7045 2373 5016 6286 4900 3226 5432 6573 5545 1306 8527 143 
16 9267 1 7364 4355 4677 3501 2144 5722 8922 8358 2392 7427 3641 9259 6210 3620 
17 3976 2537 7434 7386 9900 3843 1791 6201 4489 7177 8829 9245 1915 7885 5652 8087 7997 
13 3317 2717 5394 3894 517 4565 1632 4500 8180 2310 3741 3929 6104 
12 2681 5887 9065 3759 5481 1840 7462 8246 4026 8885 4193 3207 
17 1524 9575 8768 2578 7466 5569 9479 1850 8565 7695 8466 6890 9660 2836 2411 8913 2170 
17 1030 1223 5566 1792 1496 560 9641 3752 2740 6855 1744 2775 1848 2161 3742 8019 4378 
19 6875 1640 6966 2665 9655 3258 1799 2863 3300 2485 4118 7199 6028 1482 3792 5312 392 9776 4599 
21 3461 5636 7876 7698 1222 3636 8228 7456 4653 7998 4533 6262 8281 3365 4216 5015 3280 9486 7906 4553 4936 
16 6296 5892 4291 6480 8373 4809 72 2834 9663 4972 5922 1147 6881 910 4156 8666 
18 1218 5957 2352 4595 674 6156 1639 5208 7178 916 9275 6315 5918 2747 1966 2238 8098 7784 
11 4467 8415 1770 8050 4492 8579 6950 5653 5318 7161 763 
11 1208 6014 4740 4771 9982 6732 8441 6959 3185 5029 8949 
13 3403 439 2577 2209 9440 6915 4642 2526 581 1965 2871 8392 2620 
9 730 8614 9497 883 8814 7990 2221 9354 4140 
19 3129 7446 4658 1355 9035 4384 6098 1466 1967 8544 9480 7786 2752 785 2302 5813 4790 4091 5536 
16 9469 3840 3215 2386 9151 5301 2319 4198 4076 2894 3852 4284 5581 7215 2922 2269 
10 1959 8128 5495 3904 599 7164 2486 1909 391 3324 
11 3833 9429 1846 8407 2622 7809 3349 6088 2200 5179 5669 
11 530 5307 4099 3648 7334 7935 8545 6679 9740 5273 1035 
17 9320 4109 4502 2132 4372 2954 4866 4628 8916 1720 9363 5492 1877 4083 3298 7115 6993 
10 7546 5663 2551 7729 5700 7149 4746 9348 2177 7713 
12 5996 2566 4376 4139 3482 9388 310 1077 9876 4695 9532 9004 
19 482 1580 5539 853 8220 7234 8182 9884 958 2563 8680 9034 6071 7290 6373 4905 7896 566 8119 
10 6159 1564 3680 5287 4528 5845 1191 9577 9374 1473 
15 8548 5507 6430 9375 8782 5879 21 9767 7130 7995 4954 3297 1969 6073 5646 
9 8203 8207 1949 8876 105 5901 8253 4337 9178 
17 7631 5888 3057 8882 6172 485 4302 7594 9231 3074 3815 9066 7821 3576 2337 638 6010 
18 9666 9012 3066 7152 2314 2898 8446 6880 7353 7619 5401 7126 4504 1202 2606 234 2243 2509 
12 3291 1832 3919 1187 7908 8712 5450 6594 5661 759 2271 5961 
17 3786 284 7787 8112 867 1748 7363 7331 5754 1174 3309 6341 258 3923 7649 9736 9865 
10 6836 3193 9350 1578 3998 3273 1467 1599 6087 7771 
11 9845 8085 241 2706 4282 7006 5734 2545 3320 5454 7376 
18 1142 6352 6398 2385 8324 4274 1638 2390 26 5877 5993 8634 5354 2886 1514 7042 5280 432 
8 6327 2799 1319 9126 9772 2361 6470 7767 
11 9385 9457 3117 1595 2568 1603 3595 2099 9764 6113 5176 
15 1186 9118 1968 7829 2846 2 1741 9091 4597 8498 6894 4380 4134 5988 807 
10 1002 4768 3242 8280 5206 7593 3252 8701 2845 6099 
8 1995 3602 9872 3439 5256 7909 9600 5275 
12 1276 6567 7811 550 515 8525 1413 4721 5095 438 6492 7239 
11 3603 266 881 74 8620 6940 2294 851 1890 9582 766 
15 428 4558 4953 115 8051 9784 2700 7723 4187 7378 7765 3015 4811 1939 8230 
10 4575 209 7323 7442 5371 1506 1149 6207 8044 8139 
16 4794 3200 9314 8037 6331 2630 1551 6086 8531 6497 7780 2223 9956 4886 6266 7600 
9 9874 381 5263 8761 9082 7147 6481 6257 1478 
5 5480 16 3863 9753 3388 
14 5535 9297 1102 907 3623 52 880 2546 7047 6154 312 440 2289 1015 
13 1970 8546 1907 1041 2068 6478 6351 1244 6194 2822 7563 1137 1131 
14 4761 7685 5344 2043 215 6824 2308 6671 1556 5894 9747 1826 3860 1713 
9 3426 2212 8514 8707 5209 1043 3390 7586 4022 
9 8440 9251 1596 9253 4556 3983 9637 6994 6995 
15 3541 780 1667 7732 1738 4532 9056 9270 3061 1205 879 1195 5798 1359 2300 
10 615 3022 9392 2680 9659 2749 1033 5677 7426 7432 
16 9543 9696 3921 5593 8014 1709 8750 7583 6709 7443 7241 6606 1731 4295 5334 6019 
9 2973 8856 9738 3451 23 8144 756 6595 4191 
6 601 3370 8306 8865 5476 0 
11 7465 3972 5187 300 2075 1061 7603 7964 9220 2540 5348 
15 5214 1518 2470 5579 2558 8072 9397 8294 7752 3023 4812 7136 1983 4018 3507 
17 697 1830 2570 6399 5009 3211 1123 5308 333 8930 7747 1759 2564 5978 3781 2864 251 
5 1527 1399 7112 9811 1356 
17 2896 2900 5576 1455 8401 280 2909 7842 4032 9372 8765 3604 8657 13 3791 3975 2070 
16 4630 3083 8187 5124 538 4518 2955 1486 8417 62 9885 8501 1095 2457 2090 2463 
13 5621 9610 85 4636 8027 4825 7153 1917 919 7597 8508 5508 1682 
11 6765 5234 1587 5008 8109 4550 83 1031 1322 4736 1064 
10 3362 4217 8954 2988 1083 6688 2490 4162 2609 1615 
7 7379 3086 5264 308 360 1087 8215 
15 8309 3191 5428 7068 9299 9023 5548 7536 5277 6623 4287 31 3656 6514 9005 
11 1260 2927 4709 2760 5919 4672 7983 4310 7303 8884 1426 
13 718 4028 2981 9667 2042 3489 1885 7674 7671 5935 4257 9977 6441 
16 4080 1685 9645 7197 4634 8871 2037 3201 9930 1224 9445 5423 9290 6978 1226 8276 
7 7666 2967 3051 2930 5861 4068 8563 
3 4815 2573 3246 
9 364 9455 2792 7660 8369 2730 9025 4311 7844 
16 9631 4141 3940 2220 5534 6605 7403 9181 7942 5115 4151 4967 317 8654 8048 3378 
16 4153 8681 6009 6757 6218 8134 2614 9152 4234 6229 460 3040 3644 4554 3107 4580 
16 8573 5347 8955 9737 2292 7221 65 6138 4351 154 6464 1766 1184 4769 6911 6322 
16 3866 9951 3038 1565 4236 3079 683 8127 4395 9342 9308 6236 4303 3304 7881 8070 
17 7102 8995 2505 8945 4394 6240 6773 1853 2674 4342 765 2363 4596 5316 3046 2839 2615 
16 8351 7737 2442 4485 578 9584 1320 1690 1606 4524 1268 6217 3417 2608 4823 5916 
15 6003 6058 152 9199 6243 3782 6974 7265 888 5231 4574 8572 3126 2926 4122 
16 332 572 9165 9272 7822 5329 1688 7944 2785 7056 1798 9898 8893 6943 5876 2876 
15 5732 5036 9062 1220 7493 2933 1920 2088 3183 9443 6285 1585 443 6258 6348 
17 8285 5917 9564 9652 2281 3574 9783 2142 8697 6564 2855 3460 8696 4157 3284 5776 2878 
5 4011 4998 7863 9818 9921 
16 6202 8079 4643 9833 3997 2034 5958 7365 3805 3769 8794 2014 2550 9169 2456 2007 
18 7638 9640 172 7663 4213 2192 8105 3686 9327 8354 5038 8456 1279 5429 3369 9446 4844 5821 
9 2780 5240 6647 6684 7651 8855 5478 5883 1680 
16 7975 7572 6764 9182 7135 3754 7920 9593 2039 8381 5570 468 3486 4977 1290 9642 
18 1804 7690 2207 9458 4714 9000 3323 3397 1839 5820 3899 1662 9427 7163 9936 5637 3903 3626 
10 1326 7922 7595 9019 8005 8802 7740 3028 3277 2152 
4 1955 5816 233 7433 
19 6029 1503 4914 7730 9912 2835 754 2205 4464 487 5270 5363 1039 2266 7888 4611 6465 6616 1375 
12 3263 4410 6034 2126 2969 9441 7004 5929 9902 6509 6145 9693 
11 9579 5725 4942 8532 8362 4579 2428 5146 421 9214 2998 
6 419 7554 4602 1294 6544 9404 
12 3199 8368 2217 8981 6681 1814 1026 7961 9050 7639 5831 3870 
17 951 6119 1441 7693 929 8460 2284 5789 2028 2328 1063 5609 6401 7530 2554 3264 6520 
11 1986 9179 8116 3735 5140 7385 4004 2890 2812 1951 5597 
11 1221 5212 7710 3970 967 912 3377 7939 6948 5807 5886 
14 1628 7692 4744 3584 7610 9183 5805 8469 3552 8867 9782 8674 4320 644 
14 4088 7382 5913 9612 9754 8250 3521 6276 7022 2120 5138 7138 7356 831 
8 6711 9483 3932 3265 635 3500 6158 8778 
15 2783 2250 8609 1211 3946 4784 6696 1435 5850 6759 532 6435 8216 3405 6665 
3 306 9650 229 
12 8588 849 559 7344 4293 2229 5537 6604 6697 8972 7 7621 
2 9927 9569 
16 4686 3701 6024 1942 9268 9607 2153 2431 609 5912 73 7310 7281 7123 8900 1726 
6 6125 982 3169 7370 4690 5226 
18 5757 4020 7034 8367 379 7806 2859 149 4082 8032 4860 3274 8320 2185 3518 2408 3848 5149 
8 3875 8192 5276 4230 6715 2794 7733 7878 
18 9045 3842 4587 8353 4130 9073 3474 800 1229 7360 2483 8777 9887 7577 6546 3928 7368 6153 
12 8554 4065 938 5379 5357 6801 9206 9243 3702 4057 8704 1080 
5 7580 2934 6638 4027 3224 
14 4826 1627 1152 388 9321 744 1740 9786 416 3882 4226 9061 1472 5272 
14 4405 9394 2330 9143 2345 9828 7012 6660 8287 4763 8503 5150 4962 4476 
15 984 1169 2515 865 8960 8492 8143 28 2257 3864 9010 6051 4911 5461 8648 
12 318 7548 5426 2025 8334 7250 8966 7067 2759 7297 828 2806 
17 35 4123 3622 6930 7843 4734 4279 9548 6400 917 1270 4037 8577 3766 8636 8156 2499 
16 9030 6771 3663 8806 2264 8218 8025 7741 4385 4922 7955 6702 6334 2516 2858 6330 
16 7337 92 5838 1048 5709 2829 2375 9706 8969 5181 8912 2574 1495 7831 9560 446 
15 977 531 6132 6367 7490 2850 3568 7699 3810 9069 3727 1180 9717 2298 7204 
10 7085 1845 5553 8355 7369 2521 1544 8552 1056 2450 
8 1200 5158 8938 2174 8193 1394 7321 7581 
16 3717 3615 7209 4503 118 2393 2309 4443 1926 27 9201 5321 7947 6384 4925 7992 
16 7602 6818 7840 1494 2035 8664 5864 1918 5215 3934 2870 3681 9850 9721 3492 3713 
11 4665 2605 2639 7847 9962 5792 6800 6406 5862 1750 9515 
13 3475 32 6584 5405 2191 8810 6787 3357 5676 5949 8043 6917 702 
14 1508 1762 175 6041 6059 2762 5419 45 9107 8053 1813 9371 1972 6600 
6 655 9871 8173 7176 695 4471 
8 168 5711 2011 9844 2737 1626 9648 4908 
15 5017 506 633 3165 4159 1424 2213 4712 8623 6310 4402 9997 6052 2693 4760 
16 119 267 7882 4858 281 3463 6939 6171 8842 6077 4425 191 4231 8541 1216 9099 
9 3512 8188 2412 8352 9792 4531 794 784 5456 
7 2649 6216 3345 5835 5372 1774 4646 
6 5777 4411 9984 108 1204 1367 
7 7243 4205 2107 4340 1999 6960 7969 
13 2399 3594 896 7808 5211 2218 7570 7735 7504 7306 5126 3302 9910 
[INFO] ------------------------------------------------------------------------
[INFO] BUILD SUCCESS
[INFO] ------------------------------------------------------------------------
[INFO] Total time:  01:32 min
[INFO] Finished at: 2019-12-20T11:53:10+01:00
[INFO] ------------------------------------------------------------------------
