[INFO] Scanning for projects...
[INFO] 
[INFO] ------------< StormBreakers:PS5-Projet3-1920-StormBreakers >------------
[INFO] Building PS5-Projet3-1920-StormBreakers 0.1-SNAPSHOT
[INFO] --------------------------------[ jar ]---------------------------------
[INFO] 
[INFO] --- exec-maven-plugin:1.6.0:java (default-cli) @ PS5-Projet3-1920-StormBreakers ---
859870
18 212 294 276 218 44 232 214 202 209 114 138 238 51 71 126 208 149 132 
20 168 110 259 137 285 129 91 282 121 27 22 269 70 16 250 142 251 1 77 175 
19 275 88 161 227 56 200 245 32 217 158 109 48 119 265 228 272 84 169 2 
19 34 75 95 225 261 21 29 239 207 73 101 205 115 280 120 229 189 211 130 
18 41 148 260 107 213 230 28 185 191 140 235 291 242 252 186 135 274 183 
18 87 103 133 273 63 224 244 111 23 76 131 45 292 176 262 123 9 165 
18 85 80 210 290 125 166 174 122 11 6 10 112 12 30 97 178 52 173 
17 184 134 13 15 38 113 284 254 89 190 81 199 31 55 43 233 49 
18 296 72 286 136 150 156 188 128 146 295 61 42 5 255 152 231 46 257 
19 249 299 62 105 79 96 40 68 117 237 147 90 124 264 104 279 270 278 151 
16 108 4 203 58 144 57 39 102 271 160 93 201 196 141 256 293 
17 164 162 92 171 226 277 172 50 258 283 139 266 145 17 47 143 247 
18 99 8 246 220 193 187 267 281 241 82 243 25 98 223 59 297 69 94 
13 159 18 19 53 204 26 170 83 20 155 100 194 153 
9 7 127 74 222 268 298 287 289 240 
10 24 263 64 236 197 118 248 106 154 37 
8 60 14 86 177 181 182 66 206 
6 198 157 163 219 192 215 
5 253 195 35 78 288 
2 3 67 
1 180 
2 0 116 
1 216 
1 54 
1 167 
0 
0 
0 
0 
0 
0 
0 
0 
0 
0 
0 
0 
0 
0 
0 
0 
0 
0 
0 
0 
0 
0 
0 
0 
0 
0 
0 
0 
0 
0 
0 
0 
0 
0 
0 
0 
0 
0 
0 
0 
0 
0 
0 
0 
0 
0 
0 
0 
0 
0 
0 
0 
0 
0 
0 
0 
0 
0 
0 
0 
0 
0 
0 
0 
0 
0 
0 
0 
0 
0 
0 
0 
0 
0 
0 
[INFO] ------------------------------------------------------------------------
[INFO] BUILD SUCCESS
[INFO] ------------------------------------------------------------------------
[INFO] Total time:  1.182 s
[INFO] Finished at: 2019-12-19T22:15:06+01:00
[INFO] ------------------------------------------------------------------------
