[INFO] Scanning for projects...
[INFO] 
[INFO] ------------< StormBreakers:PS5-Projet3-1920-StormBreakers >------------
[INFO] Building PS5-Projet3-1920-StormBreakers 0.1-SNAPSHOT
[INFO] --------------------------------[ jar ]---------------------------------
[INFO] 
[INFO] --- exec-maven-plugin:1.6.0:java (run) @ PS5-Projet3-1920-StormBreakers ---
68199975
62 9475 1717 929 8468 7096 2442 5113 8566 3462 3295 6677 8701 2166 397 970 9961 8239 2337 9808 8904 3989 8668 4941 9979 6552 8721 1489 387 986 7792 9411 6696 7853 9283 7700 6802 8461 5003 481 8921 3414 4670 3900 6122 6196 708 5190 3483 8393 9221 6431 4798 7970 3173 3840 2481 7537 1315 7471 819 2254 7264 
65 7277 6669 3076 7030 6729 6754 9352 1499 7650 1515 5867 9394 6446 106 5878 2832 5183 8593 3229 5035 1419 2928 67 6085 6206 799 1847 9261 5820 1353 5540 7172 5505 8242 8401 211 507 4162 6336 3244 1582 8795 9028 1200 5264 8508 8065 4426 8742 441 4416 6717 7413 5870 4197 7002 8374 3366 6737 5365 4635 2155 5707 3708 3227 
64 9392 8849 2823 4830 8545 8730 3693 5197 9951 3903 4311 906 9752 158 8991 6826 6859 541 3439 3904 2310 7111 670 9270 2320 1011 546 1329 258 7838 832 6129 6484 1838 5732 5775 3512 6334 1341 905 7495 6949 4928 7627 7497 1475 3200 2503 1447 6139 1877 2248 509 6532 439 5650 6798 9869 4516 1653 6806 3531 8799 2107 
59 45 3216 2563 9157 5245 1816 7309 3987 7026 2186 2395 3610 7408 6221 4116 117 243 266 7401 7610 7950 9689 2643 1919 8752 5993 2082 1170 8378 3108 2372 5565 14 2312 8319 302 9487 7433 4879 9644 3964 8030 9605 4912 4624 6593 1874 692 9633 9134 4412 396 8024 5859 9444 6240 4419 9558 6172 
60 156 1826 2672 5524 4922 5583 8027 3781 7279 8063 629 1293 8711 9989 5170 9939 3905 6236 4229 3212 6015 4579 4431 8008 4873 5282 1280 3317 9455 7114 1409 6998 3213 7514 8029 8034 2702 1803 9171 6349 6514 162 885 1529 3022 312 3424 4746 2478 9001 4619 5471 1464 7966 9829 8945 5418 3107 6216 9895 
69 2995 4466 8644 7566 4057 8073 2693 8875 7744 8540 5151 6278 7728 6452 489 4795 6990 4395 5223 3192 685 8398 3086 1545 5119 5547 2522 9110 8047 9952 8437 2780 7340 3622 3923 1642 5265 3646 7233 1830 2741 8373 8972 6518 4893 5422 5415 9867 1006 657 3296 579 1514 7567 3994 4270 9953 4360 1981 2567 5231 617 2789 6435 7885 6843 6596 9418 592 
69 3187 6424 1753 1130 1364 457 417 6871 2963 6910 5680 7723 5783 473 320 9571 2313 9059 4630 8004 3069 4997 8258 4460 3484 7400 9821 5018 2720 2606 6386 8426 7696 5072 8355 5268 7795 6376 5447 8758 1645 1941 1656 6734 7634 6568 707 4558 206 1202 6316 2865 5719 4681 8535 859 8935 9710 5809 12 9080 2189 1255 2059 4256 8307 7215 722 9604 
67 4052 3562 1359 3119 2554 336 2916 6961 4607 6313 2126 6753 5126 8375 4313 6299 9456 1998 150 6764 2477 1871 8483 2955 2243 2028 5440 3194 7267 8801 403 9068 6137 6060 8883 7491 9716 1598 1272 9513 2379 9709 2319 1955 4016 1180 1284 2455 5663 7092 1827 9374 8243 4366 9582 2537 9099 5215 6303 3349 1672 9100 7568 7348 9478 1766 7414 
64 4935 2652 8607 5336 8543 6959 1192 6155 3950 1422 1053 6718 6520 1441 930 9565 8897 3587 1730 9798 2947 3850 9281 4293 5480 8734 8558 7072 430 1661 4598 7859 693 2237 2060 6629 6594 8498 9387 5741 7823 1216 4399 8138 3012 3809 725 6109 8531 9680 632 5819 2269 8247 7463 4291 5559 9586 7319 950 3059 5392 85 4087 
67 8598 8057 9960 3782 4170 128 6416 5387 7084 8936 2746 3118 7637 2710 3573 9395 793 1370 5028 2373 8214 6672 9993 5791 9906 9311 3981 5427 643 3152 95 4477 4756 4125 9469 6940 5419 7103 307 8839 5078 1844 7797 3787 9275 7736 8359 8287 7252 1669 8576 8606 1786 8736 2866 192 8061 7951 2268 4552 7371 6524 6542 9109 4821 6051 5885 
66 681 6229 993 4671 4303 9166 6857 4091 8118 5115 2305 7481 6150 1554 9115 4408 4053 1276 5610 3033 173 9182 2322 6473 1193 9203 9376 7816 7195 9704 3127 6010 7509 8864 7948 9091 6100 4258 9323 2419 4244 9653 7563 9901 5061 1510 6608 7303 293 296 5180 1017 1374 3219 7713 79 6308 5276 6266 8062 6650 1690 277 9799 2518 6627 
63 4189 9194 4349 4246 8386 5213 6623 1590 3746 9454 4718 8726 2868 2136 8553 4205 8812 9425 1427 6708 2068 2760 7824 5699 8939 2465 8390 6406 3382 7298 3747 3684 3250 8288 8667 5287 3085 1502 7428 4498 2362 829 9026 4528 1979 9649 3739 5518 6501 3447 2883 5538 3459 9576 7396 8559 8376 7804 5216 2668 8009 6090 6148 
67 102 5777 4574 1247 7439 6664 5997 1745 6073 4248 2519 610 5925 3997 8718 1932 2674 3745 530 8993 7097 1872 9976 972 3315 3515 8106 3147 9278 7242 5839 6741 1137 5299 3343 3740 4043 1780 2026 7832 2596 3732 2515 6803 6095 458 6805 1455 1501 8126 4176 8706 8811 6293 7119 2691 7791 1881 8195 8959 8928 4268 7322 4014 9527 7652 9577 
62 6428 526 9594 1191 5041 5195 3643 1148 1275 9735 5940 8277 5210 6618 1689 3644 8920 5053 5301 4031 8025 3565 2260 545 7830 228 5579 3629 5367 3974 3377 4448 48 7044 8095 9264 56 6050 6045 8367 8671 5103 8869 5267 8397 4225 8091 3689 217 1331 9193 4783 4105 5985 516 1615 3404 4512 5897 5284 7341 7234 
64 7849 9168 3075 8364 3878 330 7689 2715 7449 3735 2048 5226 7845 4628 7016 6007 7872 6295 5176 9289 4446 1082 4898 6893 301 3131 8604 331 225 7025 2817 2424 7012 8578 8759 9507 1511 8614 7129 5212 7635 9730 8674 7325 1696 3270 9206 5710 9859 8388 1633 6569 5812 2731 2819 1115 8830 3168 4890 2349 2561 6656 9192 7364 
62 5835 9890 1415 1348 1746 7529 108 1614 2767 357 7147 7144 1740 393 8564 4282 5587 5253 87 5425 1259 4163 3228 9839 353 8967 4100 9309 6143 8007 1494 1142 9430 369 6653 9169 3376 4738 4070 4143 7961 7283 9512 5871 3874 4537 699 8836 5665 4008 4571 9285 638 65 7089 9383 5789 4339 9431 4747 6804 5255 
69 5482 4801 862 9992 6888 3302 7191 3953 9273 462 4697 9874 682 8756 9407 4621 2433 8649 1549 1132 8040 4241 3546 2050 2178 4002 1698 9365 2682 7588 4829 8630 6426 3753 9681 3067 3073 9011 4693 6104 6315 8396 9706 7262 4439 4711 7874 8612 2932 9373 269 3221 7465 7073 1811 6499 1209 486 7518 2712 1385 3289 3083 5432 2829 5481 7854 8314 969 
64 9106 8595 4397 6214 5934 928 2399 2940 8906 8751 1575 3332 3242 1004 6522 5760 6186 3130 2552 2835 995 9482 6997 6449 3020 3121 9250 6182 58 9299 3211 4839 1832 1613 1763 8313 1624 2580 5087 1569 9541 5684 6855 3572 2160 5445 2282 1108 2638 4320 8533 7705 6660 6654 2706 8953 4237 7729 8037 3633 5562 3006 7688 1289 
63 8044 671 7382 596 1734 9743 6935 5112 896 1250 4629 9777 9302 1243 1440 4251 190 2961 9006 4158 5121 8067 3055 5106 9007 5890 5200 1102 4925 9381 2869 9424 3102 3799 5013 1611 3885 5617 7943 6682 1394 4491 7669 3413 1274 8428 1506 1328 828 1277 3848 8520 6761 5805 1629 7843 8585 6157 6587 4111 4418 7534 9212 
59 7138 2265 6257 1425 7448 446 8625 1100 7707 9033 2747 5949 408 971 9223 6057 1194 2142 565 6711 3078 8245 9654 4823 4147 1796 5306 7043 3034 7893 4421 6119 8975 5295 6400 912 6083 7963 3445 8662 7446 2180 9114 1155 1989 5649 1718 3237 3649 7738 2088 5734 145 6960 946 6546 3375 6588 7527 
70 6570 1386 773 352 8177 8134 4068 4769 6032 9899 1985 9590 7158 5368 2609 385 9183 9533 8581 5862 2175 9885 2280 7243 9029 3631 6813 3839 2121 6388 680 9763 9707 7924 6841 86 6565 2108 4509 9262 2229 8420 6417 1286 2598 7398 5929 2628 433 9048 7469 4173 9061 9063 7977 7440 5996 7094 6136 4995 4532 574 3138 9161 7608 5470 849 6632 4901 6575 
73 4467 586 9215 6330 1387 7918 4238 2524 5127 2755 3702 7603 5896 6746 8957 1592 964 4692 2499 2917 8680 465 620 5530 4178 3603 54 7928 4914 5766 1128 8482 2944 7973 1968 2939 5477 2193 2979 1057 5958 1225 7217 6487 1625 4837 1043 4513 9386 7819 4536 6733 8014 2162 1311 8902 3559 1337 3729 6688 7711 8803 6704 8660 7090 4954 6776 1638 4897 3913 8096 3818 2504 
66 9413 1466 8698 4501 9288 6687 2069 5914 144 6117 540 1024 2906 5423 1715 2236 6262 8293 6710 2770 7379 36 9994 7703 1693 1074 5036 1045 2188 4952 8956 6082 6941 3759 2761 5220 7199 5943 254 5622 2110 3004 8804 4056 6964 7710 8703 6023 4508 7530 542 5011 8716 8169 7048 197 978 4877 7106 390 1079 5591 2530 7315 9982 6207 
65 3491 962 4473 7760 377 8504 8366 3899 5740 5134 460 5826 1644 5066 73 8281 5022 5167 3326 8022 7240 7202 7671 7330 7847 8213 9529 6287 7188 1747 8035 4511 4218 32 5581 475 9290 7126 7200 3567 4740 5631 3880 8054 6140 8705 9656 7920 5449 6636 2545 6619 8955 218 6833 5711 9947 4762 5543 3030 8539 6149 8631 7559 4361 
67 6430 9111 8579 275 6785 8870 4996 479 5461 4966 4400 2752 4084 4636 813 8410 7800 250 9133 4465 6162 5369 3683 4559 5397 6609 3825 5963 6454 3310 55 7549 2984 7739 3461 7171 8610 9617 5026 8534 3109 8587 9528 100 9875 1400 97 7940 5743 8357 4427 3002 186 6659 37 3141 5294 5196 9579 1071 9358 3901 3472 9163 3517 4131 9860 
62 9159 2636 1030 3665 8657 1330 6819 2459 676 1210 593 4286 3755 4495 5682 2301 4975 4487 6436 5343 5704 8309 4833 648 4591 8552 3356 7949 1261 729 1249 6895 8597 4109 5594 6807 3068 8116 2128 5655 9749 6193 9269 9357 1703 8102 9306 7658 9004 2177 7342 1470 7281 6920 8218 5780 8070 936 9873 8114 2994 1445 
59 2870 660 7855 4236 5324 6778 5675 8841 1049 4200 6421 9097 7668 4307 1865 2232 9338 5090 2176 6344 790 6210 521 5124 741 5405 9300 2686 7321 918 2617 7099 3180 1122 1391 2484 834 2886 1743 4686 1159 6165 3658 8923 9550 9602 6273 3752 889 1305 4973 47 9463 6442 9786 2267 9354 5211 3399 
68 3873 9211 8383 766 2152 2777 2858 7351 2350 9836 627 2768 3238 2677 5522 5201 8365 9975 4953 9491 5802 4900 3388 3487 4040 3280 3402 9332 5488 8231 5874 3812 1721 1482 2671 3463 4340 7898 904 7585 4305 6775 72 2827 3342 4939 1077 9684 6158 9013 7892 11 6899 2285 4993 2063 7647 4666 5110 1937 5398 852 4461 2556 503 3876 6511 7649 
65 4065 9328 626 4754 4751 7219 16 9636 2578 1241 3716 8681 3537 3091 4597 185 4089 8263 1895 1326 619 5474 2078 1000 1023 4565 140 2066 7157 2354 4045 376 4551 4471 7238 7385 4328 4800 3319 6760 5038 4787 2271 976 246 6896 3597 8280 5715 3977 7619 8690 6077 1834 2498 196 8981 6358 4895 24 1678 1484 9544 3554 7368 
64 3636 7828 4469 4805 7222 6595 7331 5116 5117 9719 7203 2018 8093 7117 6744 5439 5434 8289 7784 5189 6989 4687 6999 2539 5497 1097 4749 143 5962 5716 6692 6321 5646 6786 494 7081 4094 538 4261 2022 438 3217 8212 7254 5145 4971 7169 3578 5380 809 5615 2095 5261 7386 8987 575 9723 8187 2431 4767 3570 9154 2894 4659 
66 2584 8424 3511 2191 2297 3856 7380 6864 4279 9884 3150 5658 3536 5313 5542 5499 9955 690 2762 4356 1149 3037 3500 5100 3545 9720 5501 7935 1915 7443 394 4081 9694 6399 9256 1453 3672 9098 645 8519 2447 7189 2839 5246 7732 7041 913 8704 8405 1019 3023 8160 735 5101 9124 2844 1227 9347 4827 6722 1697 1001 3870 4789 2084 4329 
63 4182 8299 7175 5846 8592 9940 8733 5855 6177 6211 1794 3847 2298 2242 9936 2247 4874 2318 3254 6847 1096 3791 3431 8413 907 6719 6114 8842 2730 1452 6670 214 5746 6170 335 6124 8082 2029 9779 4618 6035 5891 7971 668 1072 4283 9536 4908 9277 6366 6356 9863 8077 4872 8011 1270 5489 1739 6390 1235 2630 1911 1199 
68 577 2993 1187 1573 159 4338 7173 747 5632 6275 3992 8584 5883 4323 4828 6652 6793 2281 358 871 7743 6357 7209 5175 7039 4720 7560 2017 6721 2903 2560 512 3888 4148 4424 8295 7499 2692 9999 5755 7353 9998 4812 4763 8800 2490 9711 6913 5143 765 4075 4485 1900 7220 5629 6222 9112 3717 2749 8880 3653 4590 2400 9018 9404 7756 960 4964 
63 2717 8709 2698 9447 9791 1704 6482 7230 6237 1448 7249 4082 4278 8970 1238 7393 9393 1767 5838 8123 6256 5904 6171 1166 5292 9228 3368 7623 8135 5978 7159 3895 6850 7365 8321 8186 4451 6199 6064 3475 4206 1775 728 8209 242 6254 8965 7520 2926 2257 1800 7542 573 6667 8272 5844 7772 2532 8268 9838 8805 5738 1627 
62 9371 3452 4994 7329 9732 1675 2479 9790 9489 8500 6167 7441 5457 8517 200 3167 5012 5023 5366 4201 7906 4882 4869 778 1034 8938 6811 1829 3003 5230 6483 9588 958 2219 101 803 3231 842 8495 4842 5750 763 5676 3924 8738 4651 4265 4038 814 9170 1947 7807 7810 5950 9904 5507 7174 1313 5551 4097 7260 647 
62 3831 1641 804 7047 1312 4122 5077 1139 3682 5298 2664 6280 8417 590 1342 9437 4193 5843 2595 5508 9970 4818 7355 2825 9249 8855 7589 189 8255 4199 3271 623 4676 6530 7750 414 1450 490 5799 761 260 2861 6458 1902 6290 543 9789 9198 5575 5158 4927 1181 3959 9828 9398 3958 4832 764 3080 3504 5823 4331 
68 4891 4960 1472 6021 3505 5492 5564 61 3476 7798 9095 3036 7865 8176 956 3170 2679 6559 3912 1310 4396 5407 8466 8602 4774 2122 123 2900 9458 9844 8814 4918 7586 5114 815 3677 3301 9119 4033 4610 2327 8847 9647 5131 3162 3776 4499 5697 6346 7548 4445 6852 7905 1318 9881 2491 2559 44 9208 1798 3796 5526 7435 5712 7921 9555 6279 5453 
62 4768 9696 8948 328 3656 5156 5553 4480 4034 879 9096 3733 4314 1229 33 3625 3604 3100 1121 4432 8206 8511 5413 2011 6590 2116 7056 1952 9736 6757 3477 2032 6611 4538 3869 7881 5816 7027 8056 5431 4159 8930 3966 7137 2934 6840 9945 9101 4999 5232 4042 7730 9705 2834 7741 8228 3589 2099 655 2565 4171 8311 
64 1566 7633 2830 94 6770 1285 665 429 5483 7295 1462 2873 3346 1198 1344 6205 3182 3427 980 9231 7661 257 715 7082 6224 76 3435 916 7860 4090 1308 4776 9616 2888 112 4555 354 8119 5123 2625 483 8525 1757 7821 6831 1814 770 4000 9623 3374 9661 2383 8515 3909 127 1010 1540 8548 7178 7996 7907 124 8694 7796 
69 8078 2452 7545 3503 3471 2604 6250 8324 9175 4622 6504 6481 5229 7086 1521 5637 9648 7392 8914 8541 2538 1218 1226 4519 9728 9051 6948 2019 2743 4602 9923 4637 9609 5971 5737 449 183 5590 1117 4054 1973 4847 285 9626 8113 1970 4972 5094 1332 9938 8430 6467 963 2336 7128 2376 3112 7551 1594 7788 1705 5678 5372 7839 4708 5851 9643 5065 5107 
64 9191 2209 3145 6891 9246 8128 687 8513 1205 598 3396 421 2212 2801 6519 7944 9943 2027 902 1032 5490 7257 7767 6252 911 8605 5451 6735 2500 9334 8341 8223 9122 9630 8707 6649 5773 2684 9726 9085 6777 4770 9746 5620 8361 8071 6370 4729 2588 880 5039 3841 6534 6916 9900 31 4947 2041 6271 1503 6865 2678 1635 3082 
65 7653 3233 7781 2803 7235 8903 8797 1410 2526 2051 1907 3292 8046 5224 8924 8968 6286 9172 1485 5510 3865 5382 1986 3506 7000 2857 7785 5137 8591 8278 2675 1352 4128 7725 9344 4230 2326 388 3047 2740 3928 5393 4572 1201 1649 4725 7170 6645 7145 1153 351 2109 4108 4664 4367 547 4437 6028 3697 3645 3868 5681 4625 4576 2423 
61 4611 2414 3632 405 8710 450 7552 9804 5566 60 931 2339 53 7870 2129 4377 7338 74 8458 9308 1883 8150 5314 4844 8505 2153 6585 9628 7989 5219 4986 5450 5800 5191 3853 3662 5239 5573 4035 7040 9162 6307 7959 7716 151 4849 9259 2529 6281 8302 7618 1815 1396 5685 3816 6513 870 224 3642 7492 8392 
56 3922 6190 476 4568 1924 2482 1520 8872 8820 721 9773 6304 8958 1160 6389 8646 8389 3802 7374 5597 5533 8335 3635 9287 2235 3585 1774 6873 7088 2006 6453 2658 3535 716 8900 7285 4894 4663 1755 5607 2579 4848 7512 3135 6260 9069 8219 9517 9778 7726 8317 6332 6842 1268 9556 2436 
60 8858 138 6557 6980 3128 8143 9891 3582 5333 4716 5868 1913 2279 7406 4673 1340 4809 6874 7931 4500 2654 9420 1104 8889 1709 5811 292 1459 412 406 3132 3983 5214 733 5643 2445 9624 5495 8199 6394 864 3395 1357 7182 506 1966 7461 808 7052 9878 7616 1333 6012 9687 4548 282 3188 4539 7326 6422 
57 9888 8404 2583 8434 6294 4099 9286 8204 238 9825 9356 9585 5157 6817 6854 4758 7078 4055 1792 168 991 2062 7766 8769 7990 3303 3199 5808 7276 3920 4883 4027 830 2425 985 5498 3852 9511 8161 2127 5858 9493 7391 1107 7562 8485 3066 818 2533 7521 5586 4680 5774 4502 9918 1185 9307 
66 5254 9340 2163 8961 1271 5756 7115 4214 9219 4926 3696 4391 7679 2439 6437 2687 1525 5168 5074 3340 6860 615 8147 8153 1460 3416 6368 3584 4713 6544 7058 3692 96 6726 2043 1495 324 3088 8259 2131 508 2192 6381 6937 945 129 3307 9305 1481 614 1841 2427 3351 3588 4381 7991 2514 3457 4698 3101 2925 2386 6942 9204 2103 3143 
66 8141 7576 1824 8183 698 9366 9747 5898 8778 9079 8234 1016 3411 6822 7974 3443 1854 3297 9753 3430 4885 9274 9634 5749 4857 5304 6354 3955 9072 3488 858 4919 9279 2056 5994 8338 1171 318 6223 2111 8843 8480 812 6476 8291 4357 6589 4668 5203 7113 1982 7659 7754 2896 3208 6201 566 2170 6988 5161 4998 7934 5779 1367 1099 2980 
62 8786 4759 4474 7031 6765 5881 3268 8193 375 6016 1042 3917 7598 4745 8828 1603 3678 6872 3637 1622 3986 1889 7213 5289 7429 6025 924 2811 5761 8915 8140 5104 7053 7378 4700 5187 3805 7808 3594 599 6789 5616 2750 5165 3115 4563 5025 9318 4267 8648 7601 1576 4688 6169 7223 3226 4257 4940 6598 1990 7021 6091 
64 7883 625 90 8447 8678 5917 3519 4717 9984 4 7867 5436 4030 9494 745 5303 8911 3341 3887 5355 3481 3105 9090 8222 3314 4825 8686 8371 5664 9 2615 559 3437 5378 1383 7626 6962 4085 9174 1702 7573 8403 5111 5722 9840 6101 3699 8838 3838 9291 8527 399 9759 3196 4517 8165 5729 368 5698 1211 4254 6625 9741 2507 
62 8220 1109 2381 7297 612 6245 3383 9699 3322 3417 9629 6868 1236 4948 7891 7751 5390 3724 9658 3784 1248 4888 7409 452 6183 9057 8659 2408 3360 8826 3807 5909 6228 5346 6362 6851 2821 1537 1351 1240 2133 7225 9195 8767 7160 3933 8275 7665 6489 6602 2072 5515 8749 7858 6573 2516 6496 5717 6179 496 7887 7641 
59 1574 4661 2711 3492 6578 8415 1407 8833 979 5307 5901 3225 7349 6747 2680 1602 4110 6233 8325 3336 161 8284 9750 6115 2033 1929 8384 1314 2882 1819 8168 1887 1088 7218 7813 7848 8563 9239 1729 488 4932 5141 9399 6771 9950 6103 6335 7289 2976 8241 5882 7478 9474 2119 3719 7997 2634 2611 3767 
69 3590 1143 286 5049 2890 1067 2263 2769 1863 7742 4195 837 9721 1138 3949 3114 7347 9892 1821 3544 987 1307 3835 3364 2943 2651 9127 384 1988 8824 510 3926 3449 6915 6457 5132 3063 1413 981 3605 6204 6758 9717 6946 4654 6939 9017 6967 535 3967 4731 6071 3053 7452 6848 1183 2612 7354 6076 1682 5386 7166 8776 2306 7764 4962 265 5988 1648 
67 8946 601 8896 6154 3533 9635 3316 350 1926 780 6556 7957 7176 1639 3541 3486 9880 8235 3770 5822 7835 5429 2030 5584 7706 2948 5768 2416 2390 9464 2973 1498 7146 7018 9325 8276 6621 2231 4103 4865 1720 7064 9783 6555 8656 2361 1478 8557 6342 1372 8308 6769 3842 5173 3859 8081 6052 7731 501 7817 1184 119 5915 5930 5836 6730 6614 
62 719 1587 5552 9814 5130 4392 4543 2000 9227 5129 9606 422 3291 8765 8651 2295 899 9121 5433 4566 8251 2179 9436 1083 7450 7071 3298 1618 1695 9739 6665 8015 2114 8148 361 7909 2432 3013 3253 9929 4023 179 3485 776 1090 4626 6194 423 3613 8622 3706 6022 181 9788 6159 6397 4699 8640 2620 3403 511 6906 
64 9180 8315 1599 1925 8568 314 3972 8017 5462 7969 9052 432 653 4175 738 9229 3335 5850 5163 7316 4457 6630 9093 9919 1228 872 4212 1244 8115 3778 6337 3828 8329 278 5652 5648 8867 9295 8155 440 7133 6900 8 6529 401 2196 5814 1570 7139 9977 2360 1454 1518 77 6929 3760 1015 5948 5317 5178 4771 6164 697 63 
59 1999 4760 7132 7539 2785 2418 4327 2195 3671 3836 4627 7375 513 2771 2158 8441 1797 4929 4684 4435 4021 2397 4612 3705 5073 4420 522 5426 4373 938 2708 6078 4843 2309 3125 2700 7127 463 7403 4203 4920 8676 2438 137 2669 4449 2824 4850 7524 787 5391 6327 806 378 7553 8092 1946 5561 6787 
58 9014 7735 2847 4701 1712 4169 9522 7060 1398 9816 5020 4181 7022 6341 5670 8577 4589 8274 204 6268 3313 4243 6648 5249 8536 1650 9081 4098 4417 7035 4855 9673 3400 9040 64 2227 6058 5986 6604 6285 5807 364 6477 3626 2566 8739 1112 8542 3946 7152 6447 5849 2915 7004 7422 1791 2217 4644 
63 1579 3611 1492 8205 9591 7611 3698 9811 6351 1260 1257 8421 8992 9329 7464 8679 1368 1420 4348 4889 2722 9254 5297 9526 3191 5701 564 3798 9434 1467 2413 8601 9712 3657 7558 8599 7994 5389 3276 4359 19 7098 9125 6019 5995 2421 9036 6239 2340 4255 4369 2885 9934 9679 7930 2616 3985 8743 8589 5953 8964 5644 2451 
62 3016 5465 5160 3720 8207 5973 9492 2512 4896 817 8613 6922 504 5714 703 8442 9477 2745 4048 2161 8486 6097 5238 1724 8832 8507 8661 1544 4294 805 628 3801 9547 1416 2757 6180 2568 8414 6326 1336 3728 3539 4301 8380 890 1617 2190 8252 9813 5560 1449 3936 731 5747 2848 3345 6371 3381 3829 6121 8909 6491 
62 5832 8085 2496 9868 4807 915 3640 4239 2140 9817 5520 4573 9027 81 5619 8791 5875 5512 6553 8182 576 2646 59 3670 2826 8455 7459 7118 3269 2171 6414 920 1114 1606 7834 8336 5340 500 9473 9897 2449 5979 2486 1162 3133 7933 2284 8647 2884 442 2393 7604 2505 6901 4384 467 9615 9645 3334 6135 3386 9600 
64 7426 7324 9662 1468 6200 4773 8356 69 8282 291 3898 7436 9147 1677 3300 3871 9762 2289 9499 5976 400 3398 9842 1309 8562 2370 5332 8775 4074 922 2845 8787 9666 8031 2315 1673 7500 3113 9426 7570 2118 7479 9432 9000 1384 767 6903 8427 4012 6751 9032 344 717 5937 6377 6762 1550 1136 7066 5007 2582 3634 7577 2907 
59 6507 2417 7337 6425 5206 5031 8890 2253 4834 2401 3267 6500 4703 2591 4394 2331 383 2846 1971 6715 5059 6705 9412 2325 8691 855 7612 8886 9996 5270 9668 9570 2753 1886 7676 756 6739 8984 2650 3788 5271 5961 1859 7224 8852 8556 3081 9082 5795 6153 9064 9293 5618 9866 6564 1954 4594 470 694 
63 3709 1752 9117 2813 2205 3598 8130 9129 5148 309 4739 2024 1612 6816 4221 8478 2853 6470 6944 4521 9733 9178 1423 8894 1899 6460 3174 2833 6063 1188 1885 1726 6448 2125 4113 5076 2216 1906 762 2113 1931 7879 9920 6314 4429 5469 6662 5250 4036 5234 3713 8112 8032 6818 1939 9894 1446 9452 5257 5877 8932 7911 9138 
59 5014 8267 5383 3929 4797 2874 7042 6509 434 3412 7721 4076 6616 8454 2238 2950 2613 3715 6584 2071 2083 6697 4064 7863 2020 6018 9280 1870 1223 3446 2464 2300 6521 3927 6353 4946 4404 9345 3248 2974 3738 1605 9479 2089 5319 5305 9686 6086 6713 4984 6867 4026 1486 5280 1150 8132 8479 1793 3232 
60 820 3123 6982 839 3772 4660 5377 9128 7976 5448 1659 9678 7259 1282 2918 1009 5784 8506 3777 925 110 5659 2735 4401 1589 5803 1972 3730 6291 8675 751 8475 5373 8129 3837 2663 6343 1652 268 8303 1733 7507 2733 1438 4772 142 9377 7019 6141 892 1509 1634 5256 448 8574 8240 7153 233 4347 8194 
71 4078 3256 4634 5939 5503 2954 3333 1976 2640 9120 1776 7485 2218 9831 6411 2096 3420 9324 8627 9339 3176 5687 2097 1647 84 5169 3454 4428 8538 7620 877 6253 6716 5947 9390 2077 3897 1173 2290 7829 226 1338 759 9083 742 6894 8600 6259 3223 1843 8163 2655 50 6579 7480 3426 2250 2721 4196 7280 5907 940 677 6184 3161 2985 3106 4685 4605 1508 7207 
68 327 3387 6956 1595 8654 5528 854 7864 3932 5263 2815 4152 5945 791 236 7605 9380 5302 9186 5401 7693 2274 290 7812 2055 7284 4168 9780 2935 2548 3975 7007 2004 8185 9185 947 234 6438 4614 6861 7733 255 6724 7410 3371 7208 591 5288 672 3357 2347 6080 8853 5225 2778 1580 7477 5275 3734 8582 951 1991 8443 7747 4871 9481 2338 6479 
65 3766 2648 9887 3628 4757 276 7894 2037 1325 5400 4784 8884 1588 8954 1994 1131 6676 5010 8460 8322 4931 5763 4958 9375 70 7802 5550 9871 9372 1934 6352 7388 1046 4157 8882 9196 6432 999 6617 4596 4752 6792 4187 4991 8098 7685 8570 4709 7311 8888 3627 8763 25 5677 4407 6490 4840 4695 9071 7965 4963 9607 2623 7690 9403 
61 78 5262 1691 8971 1186 2557 7929 1862 2003 1608 1220 304 9549 1165 4302 91 3619 6393 3821 261 8238 8603 4792 9562 1861 1825 8347 2382 5024 7701 8142 5504 3894 5718 6365 1496 8529 5037 3552 4541 3615 8198 347 2958 7904 3294 5437 6583 7714 2328 235 7508 3993 9113 8918 8298 7593 9782 4875 9837 3808 
64 6950 9925 6227 9443 7216 9942 5653 7979 6463 659 2430 9974 9708 7488 8746 5863 4969 3651 6538 8154 9554 1081 6690 1516 2924 5309 9677 4456 9651 5108 9845 7290 5379 8490 9252 6166 6539 6953 1346 3046 6443 8230 9944 8312 7599 4029 3087 5872 8104 5624 3478 3352 8306 2211 427 8731 5092 3970 1106 2809 5410 9343 1651 5193 
60 4141 5233 811 8740 89 3694 3278 3 2633 2358 4104 4183 851 9898 6547 4003 974 5603 5329 5404 2076 2685 4599 5840 782 5093 5006 7184 9757 1840 3499 2727 297 4780 9480 5572 9401 8692 6383 1324 118 3538 4324 9849 1443 6911 7523 455 651 2718 9912 3601 7789 1891 3468 4881 6480 2406 9770 7456 
66 6975 3832 994 9417 5941 8977 9930 6234 7323 8053 2323 6123 2221 5052 3205 7054 174 7748 5757 550 3648 5142 8877 2763 8808 9089 3273 5000 1742 4379 2859 8332 3502 9448 7130 8254 30 7033 4112 633 4496 505 5640 2420 8868 3466 272 1334 3793 139 7862 8075 7967 7287 7595 8554 517 9563 6637 6881 9731 8619 6038 9768 8629 2388 
65 654 3877 9213 1060 910 2933 4535 2135 5251 7715 7185 8634 7513 3203 6978 6163 2843 9442 893 5514 532 8943 642 9809 9179 5974 3893 8963 2657 1963 270 4845 2714 5040 9077 6877 536 7023 2460 6788 1273 6984 5623 6886 1208 2317 3469 4210 9433 661 7972 2104 6408 2311 2308 4981 6074 5970 6189 1851 8715 7908 5033 6065 9346 
64 4974 5325 6152 7395 2855 191 4803 6092 9966 6748 4455 9627 8250 6580 704 7299 4298 2531 6409 5105 4079 1242 1269 373 83 7345 997 5281 92 2724 6508 9010 861 4862 6450 7102 4280 4207 3576 8425 2174 1366 2592 5179 9226 9639 6047 9369 8456 9514 8818 1375 4584 8708 8516 3583 5918 3074 8290 7474 4585 6898 5987 3116 
68 7674 5370 5801 436 2795 8125 7011 6655 9039 5171 9263 706 4887 5683 319 5218 674 5887 7993 2892 6084 6385 6263 9593 3817 4266 4667 2092 7300 9135 9501 4161 382 2970 3495 4335 4955 2972 6512 613 2333 248 8271 9016 7067 1234 9265 4816 4968 1129 7486 3438 2964 1728 1626 8117 480 990 491 8986 8270 3202 4923 341 7886 1637 9784 973 
67 4523 9488 9561 7720 4060 7695 3339 3560 3518 7416 1123 5102 5 7327 4231 5742 8249 841 6160 5133 5055 203 1708 1395 6773 5395 567 109 6187 4603 1294 3441 9024 5695 3978 5485 7737 3359 180 9509 2246 9611 5853 7826 8825 1157 1388 9682 1953 8451 3947 8985 2732 1538 9253 3214 4411 621 453 8658 4518 6755 2380 5021 2296 9932 3595 
61 7584 3236 1942 9957 8523 2330 7694 5472 3659 8885 3866 2535 3283 795 2106 9864 2410 4385 1759 7468 1317 4272 7336 1723 1206 7432 7941 2878 4930 603 5122 9177 4276 6904 6134 4819 6884 7273 6689 7628 4911 6736 4846 5338 5893 867 8101 3309 2443 7490 4222 9713 1404 1428 2911 3024 6217 8216 2719 2149 6441 
63 1048 9858 6897 8406 7793 5069 227 4318 8464 9384 6113 294 785 2569 2468 2782 7915 3520 926 3234 8689 3110 9793 8907 4316 2389 2852 1176 4601 9389 9800 1530 1866 1382 9598 4129 9066 2945 9046 2690 7003 7314 1084 1992 1078 3591 5358 9608 9903 7074 2812 3614 730 2703 8895 1022 340 3474 6626 6974 3444 7134 6405 
63 9189 2146 2517 3775 8934 9470 3149 8829 5207 1600 6681 7773 2058 7691 9315 9078 3429 5935 3532 1020 1849 7503 1564 9964 527 4430 709 710 6878 8334 8279 1667 5804 8990 5730 8999 6768 4648 3419 8643 6875 5641 7571 329 9574 5339 8157 4613 9348 1546 948 1957 1279 1119 41 8484 1801 953 2786 2952 2494 4916 9697 
66 3353 13 5645 9038 5008 5608 9104 6046 6003 5895 2141 3164 589 5166 6634 5580 3103 3513 8645 1028 5700 6329 7268 8917 6918 1168 7771 4375 6367 237 5848 6471 9002 2010 4669 4139 6350 8200 5539 1858 4704 2270 7350 7083 2871 7211 1722 7269 4810 9486 316 3910 7306 5660 6011 8695 7164 240 8305 1105 7008 8402 6561 7947 4915 519 
63 6423 5030 9136 9820 9202 702 3385 1822 7528 5416 4867 784 7572 5188 3272 4273 484 3465 8876 1555 6276 7670 2509 5951 7108 636 1948 3771 4180 9367 4371 9359 5577 5546 1736 8370 4164 1033 478 4924 2665 9009 4208 4234 786 3523 7818 298 3586 7228 7717 9865 9353 9476 9698 6673 9388 4540 9296 7655 4690 6202 7555 
60 1813 395 6543 6597 1196 8969 3260 5815 6925 1597 1855 5797 8178 3348 7840 8518 4640 5975 597 323 4726 21 8260 3548 5442 7877 8435 5817 673 1853 1451 3674 1488 6384 5484 1403 5692 801 1806 1850 4285 7434 3980 5922 7687 2553 4505 8770 1287 4936 6533 6203 9045 587 6823 2467 3540 1665 2791 98 
63 3423 5354 1539 2202 8927 8850 1140 3679 130 4777 6995 3680 15 4096 6551 771 2794 1012 9415 1839 6331 9737 2286 5311 5064 1292 1319 7237 4423 2165 3609 4351 66 3409 2593 9419 1013 2070 7143 2988 1591 3976 8457 3768 959 315 7594 7339 1628 9948 7602 9020 4020 5813 9041 3607 3308 451 3008 966 2901 2783 7917 
62 2038 5798 3179 4878 1040 810 7014 6475 5669 6756 404 873 3851 2057 2375 5125 9272 7227 3984 4341 3320 5222 9067 753 3286 8857 6434 1960 239 9769 7104 8807 4633 99 8780 7681 2206 7673 7889 461 2929 9922 8608 6691 9142 9234 7565 9313 4620 9631 8188 7376 3687 4337 6059 2776 2008 4643 3769 5204 7187 2288 
63 602 5147 8472 4989 548 1751 7648 3763 6374 6563 8162 2144 9258 2167 1203 4350 8873 311 2470 689 1610 7745 1980 7614 569 9247 2412 9855 1371 2998 2790 9792 6996 557 1706 2872 9564 2130 5248 7999 6965 5357 524 7168 7550 7226 8059 6825 9176 349 7734 3800 4138 1762 2942 4352 9767 7837 1928 3038 8180 1596 419 
60 6808 7822 5837 5557 726 7397 8431 2012 1278 7543 5829 2049 5360 6566 3019 572 9622 9583 1306 2039 8588 1671 5322 3362 6138 1215 7958 5347 6763 2818 8345 9160 2645 9008 153 3344 9214 7236 3571 2910 8429 3569 8856 4211 3189 5933 8474 9167 8510 5408 6251 7770 6783 8416 3758 7903 283 2661 3748 4300 
59 175 9282 9692 7487 2241 656 8481 6970 2599 9806 4976 3186 1300 308 7675 5911 230 4520 8617 4443 9862 2897 5352 6178 6429 909 2576 6375 1552 6624 6837 5731 2697 8720 2492 1741 9266 4719 5977 4441 2742 1513 9402 8635 6774 8323 4705 640 3943 652 5344 9613 3120 8105 3279 825 2804 1778 7417 
62 7995 5388 4166 9441 7496 5345 477 7151 3557 9322 1923 740 5348 3669 7896 8741 7592 9949 2788 2511 6606 1526 4732 5083 1524 8844 3284 5080 3251 8925 8436 914 2348 713 982 5982 3574 583 5651 4389 1471 5468 1101 5866 7954 9472 7902 5765 2694 374 5359 6943 8002 2054 3355 8060 5054 8151 6830 8898 4978 5921 
62 701 724 7179 6931 3258 4507 9459 8547 5910 7519 1961 5990 4530 6622 6703 6099 3040 996 380 420 5277 7304 1683 9368 9983 2355 5417 3464 2551 2342 9232 9312 6323 2695 1376 588 5385 6678 9518 7582 1230 1356 6923 6089 2074 1497 1500 8940 1995 2046 6325 8110 2779 6972 4841 556 9094 5050 4526 6952 7774 2936 
65 4764 1568 9031 7708 1805 4808 7638 40 8438 2293 1080 3050 2147 8663 9165 792 2608 3854 9795 6979 3018 431 51 8055 3277 4127 1585 1320 4992 8020 1406 5833 2666 8762 2251 2015 1221 9409 381 2806 3329 8304 992 3337 4854 6605 410 8748 1782 2117 5019 7197 1974 6478 4884 1812 8712 843 1288 5928 836 3857 977 6413 7820 
64 3875 6791 1038 188 8851 9755 5696 4386 2201 8108 1373 1593 4137 1302 4117 7755 8783 5502 4527 2457 7062 391 3892 1002 9664 1935 3795 345 7884 1103 4368 3096 5842 5095 6282 8051 4656 9103 7181 9534 6695 1480 2997 279 1335 9519 7017 3673 5088 821 4468 1978 4961 3938 1543 3710 2572 3451 4683 5845 5002 8351 6835 2879 
64 1572 1204 2351 7015 5966 8586 6030 4529 338 2701 6292 7286 5796 2838 9745 9310 4145 9870 8912 5879 4679 7761 8089 5327 1908 6674 7554 3134 6646 8066 7962 3941 1392 2324 1783 3939 618 5884 3325 1213 5060 2402 9985 1075 2641 155 7451 6592 2875 4121 5657 1686 3369 3930 5725 6181 2329 6029 2291 561 5042 5227 7063 582 
62 3440 5057 3384 6683 9037 8286 7752 1772 3331 3623 684 4309 630 1258 7981 5861 8493 6037 4262 1092 4440 7983 6310 6213 9233 339 863 539 7363 5356 3370 2951 3971 1848 7292 8041 1684 8419 847 9965 2081 8785 2461 9225 5217 5589 2978 5091 5009 6324 8845 749 2105 4913 3962 637 8771 7654 2956 6088 8670 8465 
61 9601 1660 9538 2335 4088 1818 9933 5751 961 2756 3620 6869 6876 8266 7149 1487 7201 2774 6218 6300 2624 5403 3262 3494 7009 322 2842 6829 3065 664 210 6846 7556 6968 9734 9427 7248 1640 2754 6827 4886 853 8021 7302 5172 3823 712 2987 149 2962 8197 7100 8682 5374 2969 2968 845 2587 1864 1921 7010 
60 4119 3968 5097 6796 8080 9646 3914 9385 8950 7442 9754 1264 2775 7607 7065 2450 8423 437 5568 9548 3743 560 1867 7873 3721 5198 1621 5152 6433 9876 7515 4549 5627 6963 1950 2660 6759 3007 8459 9516 2023 7814 7193 7250 1658 4463 4319 3948 4646 3988 4682 3906 5667 7801 7123 2456 5991 1868 2497 3580 
57 934 3902 7642 2550 4632 5529 2169 3762 9076 8910 768 5912 8494 1245 7369 901 6230 5071 9889 4822 4990 8815 9218 115 7001 9824 7919 6772 8621 6439 9794 6714 3820 5614 6387 3473 2723 4853 8822 3097 7198 2210 9691 1297 9637 2197 894 2990 5936 2275 4735 3467 8978 5029 4364 1298 5517 
60 746 8090 9440 3169 554 9075 6093 563 3855 3907 215 7621 3667 6866 4524 3882 9854 5900 9317 1749 881 6927 798 9466 9158 8509 4748 7557 4167 7307 2034 2564 9551 8626 1087 4899 4554 9578 1949 1663 8719 6801 2374 8632 2434 1347 1378 2264 5459 1361 4274 3522 1916 7470 3305 8387 4063 4977 1363 2681 
65 7782 5062 8724 3210 6347 1437 6640 1670 5794 7384 5349 7699 1421 5460 5082 6794 2138 1996 6036 6752 2489 1253 9327 4864 6666 4124 4281 9908 1182 2887 8861 5847 3136 3806 1914 5727 9355 2283 3599 8087 6466 5399 7975 1903 7333 4649 3915 4253 6144 3726 9146 9879 9569 9905 6040 3493 20 6921 5032 8916 2273 1875 1212 5674 4058 
58 1965 957 9498 3361 5136 1113 6258 6936 3259 3744 4192 167 4486 43 7541 794 4444 6277 3908 1852 6033 9857 310 4658 9370 4583 1418 7112 6156 9453 169 9292 4750 8773 9553 6110 3822 2473 6020 3029 5626 4308 5824 9503 2796 1281 6745 6415 9320 9423 4793 2075 2493 7841 2016 5273 6301 2249 
63 2851 666 7205 5944 7787 5334 5908 8781 5153 3951 1059 9268 9907 6485 5693 8320 1804 1222 6215 9781 2415 6795 9818 6856 2100 7387 3434 6456 529 8666 2404 2632 1458 2151 3137 5827 8139 1224 4534 8827 4653 3916 165 658 1463 3497 5902 3070 2856 8179 5728 9766 2398 8146 5569 9244 3421 3072 9580 2594 7806 8887 5666 
64 2805 4077 816 7984 1556 1066 2384 4415 4910 7177 8418 5478 6267 9485 3556 6212 2266 141 1098 4289 1676 5384 1256 4032 4136 1085 8352 9118 4723 7844 7075 5956 3639 9659 2181 6712 6938 370 5458 9230 935 4007 4675 1362 9603 8905 3498 4326 6248 9065 8043 7411 2709 641 7856 7029 4674 4422 7850 2585 7399 3555 5486 2895 
69 6042 4852 5955 8590 3534 2836 26 2472 7890 9397 6444 5654 221 8257 6105 7988 2334 3489 9986 177 7680 2061 9883 7135 8330 4374 822 1163 8611 4295 4425 2589 777 3568 2204 5067 4312 7013 6698 6492 6403 8158 5252 1231 5043 5927 1884 6219 8735 7266 757 520 9108 4336 3163 5521 1237 5527 4702 3406 5491 4592 5960 1027 3957 6969 362 8696 8636 
63 5046 9054 3247 7574 5771 2365 6992 34 4458 1809 7986 8237 443 6985 4730 8798 760 4315 2194 2937 4577 9973 3379 9545 9092 8899 2080 7150 1879 3700 9060 7265 1070 6743 2278 5790 7546 6079 2975 840 923 6527 1619 6270 8301 8181 5892 5753 1110 8922 195 2991 737 8846 172 6068 321 6883 9573 9968 2957 7165 3436 
65 8551 3288 7343 2332 3579 9685 9042 4957 8699 9515 5086 3275 908 2359 6643 6359 107 3299 2983 4247 4641 8477 2799 7473 8677 1493 2647 3846 5661 9216 3819 7740 3393 5027 2739 4177 8908 8764 4051 303 6725 4860 9316 1252 9614 1296 9843 3338 4024 1687 6694 9657 5981 8084 4450 9962 415 3779 4224 8891 8744 8360 6055 8385 4275 
65 152 1938 3104 9727 9826 6600 544 7335 8120 5668 7367 7769 1604 1095 8834 93 975 3803 6562 943 2960 1089 8794 2590 6191 933 9116 1303 5118 5600 5782 8137 3054 9935 8362 6048 9483 1918 649 9981 3408 5841 8107 8016 4786 5335 7547 4245 1699 8449 7498 1527 7505 8672 2203 253 9023 9927 3328 769 8941 1559 3918 8816 4678 
62 9155 4260 3209 6319 7494 5475 8297 9304 9785 7985 3391 1239 6255 4304 5058 5435 8328 8076 5159 2689 7664 1680 8499 6318 8296 8892 8448 9655 6780 6486 6176 4578 305 4213 7757 6226 6930 3650 2245 4118 3824 4868 8156 7783 6043 8524 4216 9062 622 1586 5184 857 9978 856 3661 7746 8068 3979 2444 9015 3048 6246 
63 9049 7914 3265 4662 7946 3630 7581 2469 3811 3455 3266 8575 6464 5351 456 6686 4550 1657 5312 4264 313 2867 38 4988 359 5830 2877 600 6272 7077 844 1517 2581 2226 7803 9021 17 4202 6505 3372 5164 154 1984 5414 2764 9449 2619 2784 8088 113 2115 4905 6577 2093 5466 9535 9765 8225 6947 7978 8265 1993 4188 
65 8097 7256 9446 1125 5595 5476 4650 2396 7579 2013 605 1283 4553 8865 466 6309 435 1167 8005 1810 8723 7765 4095 5793 2547 1158 3606 7282 7370 9618 6809 6908 2534 2759 6418 984 6380 131 5531 8702 6288 5733 7964 6685 3751 4982 4022 3593 284 8962 732 8788 7332 9805 6360 8750 9991 7861 371 696 6680 8470 5473 7049 3952 
62 3155 1377 523 1365 4951 4944 8052 3612 3405 5860 2394 8368 3479 184 8463 1725 5146 1519 1039 4292 6225 7753 7423 3563 1405 781 8446 6684 6945 2683 6338 7615 7564 1047 6905 5989 444 1710 4742 6087 1164 5563 4041 8998 267 4403 783 695 6782 2927 4271 7050 9030 2357 1369 120 5513 3285 5240 5320 8618 2480 
55 4322 9284 9764 8152 1956 7871 6928 9559 1197 5724 3347 1133 8569 1917 1735 6312 9314 5821 8211 4542 878 4019 6954 1044 5691 7288 4160 8650 7882 2527 4737 4106 4310 3596 7425 4133 1901 9105 8809 3691 7389 3655 3996 4741 8555 2214 581 6503 6041 7214 2902 9650 6264 1397 7502 
61 4071 1764 8394 3765 3460 1037 2 5516 3707 1025 6322 7381 4093 941 134 4387 5772 4025 194 1118 8655 8652 8253 300 1172 5428 683 1761 4288 8901 1068 7069 2387 8996 9596 9776 5150 646 9597 8086 2172 921 2356 8408 9539 9450 5017 8747 9524 8343 6828 6495 4561 937 2814 6235 4965 6537 2367 5723 6014 
62 1769 558 2765 1035 4766 4765 271 4937 1700 1124 6000 4355 2258 216 5079 8572 2908 4734 9990 3654 409 5293 6824 7415 2230 8628 7352 3553 2148 609 9043 7663 5330 5972 2540 4414 3886 2798 3890 1781 9671 9156 6853 3089 176 5494 6031 317 114 6858 4733 8174 262 6506 5787 3652 2807 1345 2134 711 531 4556 
57 2182 6062 553 7251 7120 4217 9073 4476 3380 6657 343 8913 1322 8620 5556 2541 3780 2233 6675 9153 8944 7037 8623 4101 3982 1436 5854 1744 125 866 1662 6706 3458 2631 9683 887 1584 3754 424 4604 6247 6549 9926 5576 3861 4209 2905 464 8779 7923 9642 166 3931 8784 6810 3071 9700 
61 8099 7313 1512 1893 1768 6151 5942 8003 968 4151 2930 4393 35 4514 7061 3151 6361 1707 4799 356 2009 3794 5096 7531 9497 5411 6298 2967 9959 6502 6147 9421 2287 8221 2653 2407 1578 3261 9701 9429 7366 7749 9298 5364 723 6420 3712 18 9342 4287 8994 7544 4811 1967 9505 3062 4135 3530 202 7162 6017 
63 6603 4447 1424 182 5886 1014 7982 3867 3306 5244 8714 6379 5706 2840 8111 7777 1433 2207 5235 4736 1692 6531 1349 6914 2891 5694 4892 116 5259 9414 1936 57 4365 274 2475 418 52 1654 3327 6120 2344 3549 6571 4876 1343 5888 160 6455 8127 5120 6053 5946 8567 1474 8409 5285 9438 2850 4707 8167 4712 9941 411 
64 6392 3581 9248 1896 4259 5938 7636 8949 1964 1737 2168 1562 1787 7087 8012 2673 5446 6902 5396 5739 425 8316 7038 5045 833 7925 3035 8976 7596 5852 71 6601 6026 4779 9326 5519 6075 6607 1828 9525 6039 705 5708 549 3761 2073 2773 146 3521 9364 6541 826 5686 2065 9034 121 3014 4820 2959 7938 4866 2528 2659 1154 
58 9988 2091 3482 3701 4067 2244 1417 5612 1758 571 3122 555 9665 9238 6112 7561 4724 9451 2001 6515 9056 1435 1754 2913 3290 5913 8248 133 3390 4743 6836 8489 3723 9823 7221 2200 4836 1623 355 3773 5047 4269 2605 4744 6066 5873 7897 8363 8522 7192 2828 3668 2123 9971 824 8683 537 3810 
61 5919 7662 8453 7613 9589 2793 9200 1983 3005 2570 9612 1178 4165 9963 3049 8933 9235 1944 9240 7483 7045 9126 3144 2931 5412 5998 6510 2977 8038 4011 1135 3786 4488 8190 6106 955 5154 7210 7578 6958 9337 9005 7372 4073 469 897 6926 5155 932 5599 5702 2261 3354 8164 4346 2881 5375 4775 3529 900 5208 
61 7937 4107 8835 6879 5903 736 1051 6102 5574 4250 1430 9856 675 9546 883 2536 4454 5496 3675 734 7419 718 9012 6582 334 3456 3543 6701 6749 1145 1719 3525 4727 1050 1632 4321 3790 1565 5139 4464 3792 9319 3624 6723 6917 6981 6631 7453 7125 5536 796 5609 5736 4586 2213 9995 6732 212 5269 6576 5638 
62 9435 4980 4066 4390 9336 3051 487 1835 3524 9382 4144 5705 208 3783 1542 2637 2748 2738 6615 5748 6535 3785 6364 1189 9173 2052 2502 8145 3124 4132 6951 8094 6044 2546 604 7779 3641 3814 1161 4645 5628 1732 7079 3621 9693 7506 6641 7454 3990 3165 4409 9301 8045 714 3157 2094 5593 4600 287 1533 126 7899 
57 1577 3704 7704 5532 3575 5185 8624 9702 4123 6767 4639 8754 6427 3079 80 4452 8349 4575 8469 135 3608 4564 8931 2276 7846 2014 2428 7831 9877 9810 3418 5081 1 1073 3222 326 2662 1379 2898 3178 6243 7034 1381 1232 8010 2729 9886 5402 2862 8979 860 9422 9916 2031 7362 4037 9914 
57 7609 1846 3991 1807 7394 9632 4824 8273 8693 4817 4903 4722 7526 2021 9851 8874 2183 4334 8862 4047 3392 9703 8616 7404 4215 7809 157 585 8550 758 5642 5880 1156 247 1265 3433 2208 495 8340 6880 3358 5932 9819 2294 754 8777 6832 1958 2510 1263 2067 6094 5635 8819 6173 5690 447 
64 6638 8339 551 1779 5310 6973 663 8697 7180 9391 7361 9055 2644 7866 7960 8292 1882 7142 3156 2919 7024 3508 6586 4028 7076 4344 5834 1126 1701 3010 7258 965 7587 917 5758 8982 8226 6628 9405 2307 9928 4086 7070 5630 3397 5544 2102 7263 9496 8633 7360 8192 485 2626 2938 1975 5548 8596 7631 4791 7194 9827 7722 7936 
59 1817 7186 6497 7569 498 6493 7161 4560 4227 4001 7952 5744 7910 679 3858 9725 8036 8687 1532 1301 4489 9815 4223 8189 2520 3685 7682 2704 7431 264 5409 9830 4492 8333 6249 7141 875 7095 2277 3617 3032 9722 9205 3577 8929 5571 3998 3239 6784 1943 2501 4380 2544 7852 9152 2215 8879 9969 9510 
63 9714 1788 6001 5952 8952 6168 3172 1560 2343 6912 6027 7412 8737 5506 5274 6750 1304 4363 7291 5781 5647 1548 3407 1214 1920 5438 1091 4343 178 3889 8124 2185 6644 407 4525 263 9587 5272 3056 7510 3638 6957 6333 3935 5089 7827 2363 3154 9181 88 6339 8810 6002 5633 8893 2441 8236 1327 9330 9410 5044 7272 8753 
62 445 8184 3496 5149 5555 6635 7244 6620 9621 3009 4933 5726 515 62 9909 8285 6128 6994 3480 1354 4306 2558 7875 9910 9575 9502 6693 4689 5611 5063 3321 4617 1892 1063 2508 4378 4232 7206 8133 325 9465 8537 7762 3394 8048 2880 7293 2575 3676 5792 5085 2483 7583 3727 4459 8100 3663 6633 8774 1522 6133 8395 
59 7148 3240 5535 9257 2649 9797 9019 9416 9139 7992 3757 5051 2992 9540 9599 8488 9675 3158 2132 7190 9771 7328 7939 2184 4835 954 198 9207 7702 6742 6462 611 6111 1616 5487 9471 9567 2453 3255 9088 8473 4198 7085 366 4484 5558 3995 2302 1714 5864 8018 2523 2716 1727 1399 4235 9882 7460 9958 
61 6197 8246 2864 8432 3937 1021 8400 2228 6407 9772 2036 2101 2429 8727 7110 9107 7317 4545 2303 6740 5523 6472 1207 5578 8859 7645 6098 865 1490 7532 1873 7953 2369 1535 9197 1571 9140 2411 1581 1845 3245 1116 4606 2222 9331 6548 2597 6209 1869 1685 9667 251 9542 3057 6821 6320 6955 1551 3021 6639 1177 
58 4804 8561 9360 27 9850 1339 9506 7253 9956 2145 5999 2555 8439 8549 1969 2053 2154 7359 6971 8641 8262 6567 1360 5350 3507 5770 2699 2495 5869 7712 231 2981 4317 6540 3287 4149 7591 241 3378 2112 9521 944 3843 6126 29 9652 1731 4039 1790 3450 4061 6709 6932 2737 2371 5361 1773 2810 
59 207 688 1062 9584 2005 874 6459 4050 7482 171 4694 5323 209 1299 2728 4880 1609 1007 363 2909 7091 7275 644 223 4092 428 5015 568 3963 6451 7212 1977 4406 8023 4299 3737 6839 3666 6132 6468 6070 1041 2476 4342 898 7998 3510 7154 2422 616 2571 7156 103 9003 1607 4354 7697 6663 7540 
57 1141 5500 7639 6610 528 7421 6402 1756 5598 7790 6766 4788 9467 1898 9495 8848 1620 2989 6412 9035 7068 4582 8821 6612 2463 6174 989 7692 1664 2949 1536 193 8837 3193 2488 8233 2259 8817 6558 4333 1355 3230 8229 5221 4907 8203 4531 4615 4228 426 7968 7246 5621 2781 6142 9802 4184 
63 4616 9445 8983 5209 4481 6231 5128 4219 6410 6005 2137 6125 8462 8050 3741 4950 6419 5406 9149 111 4638 9690 3797 8294 2610 1003 2316 3879 9672 2893 7310 802 2462 2364 7932 1789 2321 8491 5980 6232 5605 9566 7504 3093 9834 3750 8079 7895 942 4150 6797 7517 8637 6013 891 6311 9987 6161 3218 3956 8768 6647 9255 
64 8995 8407 1831 846 5889 7475 3501 5537 6474 8327 4249 9484 2912 3881 4858 1750 4015 6369 4134 9084 789 7455 8013 2629 4153 7525 8144 4696 9833 7308 4382 7005 7346 1856 6398 8926 7124 4434 4623 6396 6494 2173 8444 5778 4778 9137 7420 1251 6642 4755 1018 1031 1857 2953 634 3547 882 7261 1295 2143 4714 7805 7718 75 
59 9742 4581 9243 9913 7402 3312 3099 5534 3442 8471 6242 3731 6727 9184 5639 22 7869 4483 7709 8573 1799 1389 2705 8665 3415 6345 5075 8348 3401 6072 4146 1927 9209 6302 4482 4453 4372 774 9396 3140 5004 9610 7445 876 2437 1997 2405 2667 2627 4479 8244 3207 7900 1323 6269 518 2157 9847 6061 
61 9872 482 6668 5467 3833 8026 7698 4917 9190 8615 4983 4252 8006 3001 5138 1784 7768 2797 8377 739 4785 6069 8318 5420 6976 6378 1144 6192 6892 9902 1461 245 1457 3470 2889 5541 3204 4191 3432 8269 8300 9946 8580 5283 6081 7274 3725 8411 5243 4296 3224 6887 9557 4297 1393 6305 8501 6404 8583 7533 9724 
58 3815 8546 2713 534 8399 7358 4870 3044 2736 7109 7116 4156 1795 1217 1674 1770 7880 1541 1836 7597 3774 7942 5983 2808 39 5828 1321 4546 7344 7493 4277 669 8860 6306 8217 2047 1910 9911 2696 2688 6700 3509 6391 6679 5381 5286 2454 3111 3015 3940 7107 5430 1601 2487 578 8514 2007 7775 
56 2378 3198 6720 552 5237 8745 6382 4186 5713 4677 5318 6049 4069 5228 5424 2744 8001 8000 3185 5278 8974 7876 8358 4782 2986 4515 5290 3849 1483 580 4851 1052 6545 1876 9560 9674 5899 4609 5463 9237 7646 6004 8729 8344 6517 7987 6799 2751 1254 7121 5549 497 1655 7926 4956 9841 
57 4049 4949 4796 4794 1531 5965 3919 4442 82 2352 8072 3722 2622 164 8532 800 4004 468 7462 8391 4504 1630 6849 4906 5905 3094 8149 6591 4761 998 8713 492 7836 5806 2299 2521 7357 5636 5099 748 4102 3561 4569 6355 6560 1583 4593 8058 1266 3041 2345 9748 788 9188 1738 624 3826 
54 3363 5673 2086 3911 9131 288 4006 3844 6815 7430 5671 1547 8201 365 8673 3934 9954 6296 7651 1643 4728 7672 584 2044 8512 1029 831 5786 367 3616 1469 5199 398 5554 7684 6863 8331 9294 4806 3749 7913 2377 1912 2025 1716 2618 8782 2385 2904 3664 8353 9349 3422 4353 
52 570 7794 5613 8227 9236 6363 273 4710 952 9980 8966 4942 3804 7538 9406 5315 8840 1219 4691 1290 199 8159 8813 8337 9303 8639 213 8560 1894 8283 4240 222 5825 5672 3031 8379 8496 5754 5321 797 5452 7501 4155 9523 7457 9143 3274 5926 2670 7424 7270 869 
54 9321 4398 2766 5967 68 8717 8083 1558 4018 5144 8526 8609 7028 7489 6738 7163 1477 4652 4062 4497 8191 4284 4179 3011 5720 2220 9931 7271 9050 2466 8210 4470 5098 1523 5931 8208 7051 3969 9663 5656 9132 8521 4242 8326 3542 6317 9924 5582 1316 2448 8792 1473 7294 1350 
53 8346 7511 5984 4503 4802 3350 8261 6516 4005 9915 9537 5857 6244 0 1411 7660 848 7955 4647 6820 868 7334 2255 2124 2262 2314 6024 9217 8761 5202 9729 4072 9400 6977 1169 3960 744 4475 3142 9199 4142 136 4859 1646 7055 1061 7683 105 1765 1820 8487 6498 3159 
53 4753 3860 8440 416 502 9408 2239 7383 6348 289 7842 132 7239 8790 939 8264 9853 4413 472 5070 7407 1557 1444 3453 4410 5048 1905 3514 2225 4080 5479 8960 5567 1195 9070 1190 4826 3690 4330 3789 6372 5788 8863 8881 9379 5316 7799 983 3098 7617 205 3872 4345 
52 6845 3827 6671 6461 5721 8919 3201 9669 3764 4655 1681 4567 6731 6658 5916 3830 9362 9660 219 8122 4945 4383 9222 1962 1553 3220 5767 1636 8942 8175 514 4059 299 5957 8866 1246 8973 967 4863 6034 4220 346 5735 4462 5785 5140 5016 9025 9148 4580 3092 8412 
53 7427 7901 9688 9460 1842 7183 6699 2042 3126 8074 3845 9625 6554 1055 1414 3090 9461 1064 4562 3304 9260 7484 4665 4544 1402 2923 5689 8989 3695 5135 2982 6220 9047 2341 5242 595 8684 7632 148 3282 6131 1528 1922 3526 7204 8202 3257 6289 4721 7677 3148 6008 9164 
46 9543 7006 281 7458 9592 6790 5308 9937 6966 7719 8831 1151 9350 3195 9044 5769 1431 8224 9812 3146 5818 3834 3686 3944 639 3389 7763 7888 7155 4493 6526 2941 3252 5194 3736 6118 8806 9086 5992 2199 6702 1878 8823 3197 3045 2999 
44 1833 2607 5241 49 1036 7516 5109 3954 9520 6844 163 2346 7878 2409 4185 7916 1120 413 3925 4533 8350 1933 7247 1401 8109 9552 5752 3896 4815 4438 5056 5001 2792 755 1058 342 3365 2035 9638 3864 7301 6909 8685 9774 
46 8502 5326 23 6265 5865 7724 2304 2614 5005 678 8937 2391 5353 3281 5177 3243 252 4831 6188 8131 5509 7032 2946 4376 9490 3028 1358 2549 8732 2256 379 5394 3891 8171 4595 4405 104 7057 9245 8342 7600 372 9620 9074 4490 9572 
45 8372 9740 3551 8492 5511 5247 9378 3367 7667 220 2642 7467 7296 2435 4190 8638 7580 525 3330 7122 2656 5441 4985 4943 4332 8688 635 775 4570 5688 8571 9641 6469 3000 4154 2240 8382 8951 6986 9508 3084 5342 9715 6907 1930 
44 8039 8121 3681 5545 667 2252 1505 3323 8766 1760 147 402 6274 720 6523 5068 2513 8369 6651 7377 9187 5162 1056 6208 6175 1713 5924 2224 386 3884 7476 2045 5920 3052 1026 6401 9775 6108 9972 5300 1479 3527 8772 6465 
47 750 3181 256 8503 2876 850 1152 4126 4587 5525 1076 9242 1412 6395 4642 927 4194 4370 1233 7131 4290 7059 4547 259 1507 8871 5443 4902 7778 4838 2485 8757 5186 6195 1748 454 2676 3564 8069 2002 8136 8789 4790 4510 4631 3688 6838 
38 8669 4433 9568 3921 170 3410 7232 1631 949 2920 5596 7278 1802 7046 9363 360 8878 8755 6882 3095 4813 3175 2837 1439 4934 8497 650 244 9807 3600 7535 7444 5328 1086 4979 4959 9335 5337 
40 3756 7606 8170 8565 7922 3064 6983 779 7625 9761 3318 8381 3528 3558 8793 4325 5856 4204 4921 7811 3490 8722 4226 7656 2187 6924 8028 5205 2899 9530 7241 3999 7255 9333 6241 6661 9022 4608 7666 5764 
43 8653 9695 1491 1909 4909 4436 9967 4009 7980 1093 6779 606 662 5376 9848 4938 9220 8988 594 2725 9087 3058 6814 6581 3246 838 533 700 4814 4522 5174 884 2164 772 7956 7786 6297 3206 7140 2392 9201 1951 5776 
36 280 9361 9787 3324 2971 2965 9428 9462 3703 9803 9439 2574 4083 4263 3813 5601 7776 686 7312 6006 8422 1456 9297 8310 5236 4706 3718 3550 3428 4781 1432 2159 459 6 8802 7644 
33 5703 3025 8166 1860 1442 9150 919 232 4472 743 2707 392 9760 6707 1069 3241 1147 3061 9796 9595 7196 7912 5493 4010 9676 2272 1426 1940 3017 727 8173 4362 7868 
30 4494 9756 3618 6889 2506 3177 9241 8594 4358 888 2542 2802 4130 2474 6728 5606 1054 9852 6146 4557 7231 608 3566 2458 8064 7686 7657 2079 607 823 
29 7229 6488 3027 9224 2860 5182 9504 1904 3647 9267 1668 5964 1880 5894 1146 8796 5662 2292 3293 7447 3714 348 122 827 5363 5341 1005 7101 8433 
29 474 6890 3264 6284 2966 5759 7927 2525 4588 7815 6574 6862 6238 4402 3942 7167 3961 7622 3043 5810 9896 6054 9801 6525 2816 8354 9744 5709 10 
27 2156 9718 9251 8049 4715 2841 1888 2064 1679 3166 4856 886 7466 2040 6145 6993 1771 4120 3129 7437 2087 9144 6528 3077 2787 5762 752 
28 2996 3235 7020 6445 2914 4478 5296 5084 4388 6185 7522 2426 5291 1262 2800 1504 7758 4970 7438 3184 1291 7624 807 5362 3965 7 8467 7857 
22 2198 2573 229 499 9619 5570 7390 1694 4657 249 337 903 9893 5464 2602 9846 5923 5625 1987 2621 4013 2831 
24 2090 9130 9123 1380 8256 6550 4174 9835 5192 5279 2577 1094 6991 7630 6009 3602 4861 4987 7780 201 3862 9210 2366 8664 
21 3171 1175 5181 7356 9457 8042 1837 5592 2120 3026 1567 471 7093 3945 5034 7640 562 6834 988 9102 6116 
18 3373 6283 4672 1127 2562 8476 7036 3863 895 9276 5331 2639 46 1561 1476 1534 2543 7945 
14 4046 5456 1174 4017 6800 9917 8196 9758 5444 6870 5745 6536 9341 2471 
13 8530 6919 2403 8700 7472 7727 8947 5602 7825 9271 1008 9532 6934 
9 2353 4044 1897 3742 3263 6987 1945 4233 6067 
7 1429 7405 7629 9921 631 8452 6107 
7 5585 1777 3215 8215 2726 5421 6373 
6 9751 3711 6572 4140 7373 28 
5 1465 8642 332 1563 1065 
6 5968 5969 7105 5906 6127 3973 
5 1890 9531 7305 8997 1823 
4 1267 6328 1688 7536 
4 7575 2601 8728 8760 
3 8445 8528 9500 
2 9640 1390 
3 5258 3139 2085 
4 2139 3060 8980 4115 
4 3153 9861 1134 389 
4 8450 1711 6812 3592 
3 1408 42 7245 
4 5634 3516 3425 493 
4 7678 4904 2234 7643 
3 9141 5266 8172 
3 2758 6198 2922 
4 2600 9053 6261 2586 
3 3883 835 4967 
3 5604 9151 3042 
3 3249 7080 2772 
3 3448 5959 2921 
4 295 3190 1959 5876 
3 5371 8103 2368 
3 1808 691 4114 
3 6781 6933 8854 
4 9670 1785 2440 6613 
3 8725 3183 5588 
3 3117 2734 7320 
3 4172 187 8544 
3 7833 7851 9581 
2 6340 2098 
3 9058 2150 3039 
3 1179 6130 2635 
2 2822 5455 
2 2849 6056 
3 1434 7136 2223 
2 9351 7318 
2 6440 6096 
3 9738 5260 9822 
2 6885 3660 
1 2446 
2 2603 9832 
2 9145 306 
1 6599 
2 333 7418 
1 8033 
0 
0 
0 
0 
0 
0 
0 
0 
0 
0 
0 
0 
0 
0 
0 
0 
0 
0 
0 
0 
0 
0 
0 
0 
0 
0 
0 
0 
0 
0 
0 
0 
0 
0 
0 
0 
0 
0 
0 
0 
0 
0 
0 
0 
0 
0 
0 
0 
0 
0 
0 
0 
0 
0 
0 
0 
0 
0 
0 
0 
0 
0 
0 
0 
0 
0 
0 
0 
0 
0 
0 
0 
0 
0 
0 
0 
0 
0 
0 
0 
0 
0 
0 
0 
0 
0 
0 
0 
0 
0 
0 
0 
0 
0 
0 
0 
0 
0 
0 
0 
0 
0 
0 
0 
0 
0 
0 
0 
0 
0 
0 
0 
0 
0 
0 
0 
0 
0 
0 
0 
0 
0 
0 
0 
0 
0 
0 
0 
0 
0 
0 
0 
[INFO] ------------------------------------------------------------------------
[INFO] BUILD SUCCESS
[INFO] ------------------------------------------------------------------------
[INFO] Total time:  28.886 s
[INFO] Finished at: 2019-12-20T11:53:41+01:00
[INFO] ------------------------------------------------------------------------
